   2.5066283e+01   2.5066283e+01
   3.0759910e+01   3.5629930e+01
   3.7062289e+01   2.5388564e+01
   4.2755917e+01   3.5952211e+01
   3.6453537e+01   4.6193578e+01
   1.8763903e+01   3.5307650e+01
   2.4457530e+01   4.5871297e+01
   4.8449544e+01   4.6515859e+01
   4.9058296e+01   2.5710844e+01
   3.1368662e+01   1.4824916e+01
   4.3364669e+01   1.5147197e+01
   1.3070276e+01   2.4744002e+01
   1.9372656e+01   1.4502635e+01
   1.2461523e+01   4.5549017e+01
   6.7678963e+00   3.4985369e+01
   2.5675035e+01   4.2612681e+00
   3.7671042e+01   4.5835488e+00
   7.3766489e+00   1.4180354e+01
   1.0742693e+00   2.4421721e+01
   1.3679029e+01   3.9389873e+00
