   3.8035056e+02
   4.3662000e+02
   4.3662000e+02
   4.3662000e+02
   4.3662000e+02
   4.3662000e+02
   4.3662000e+02
   4.3662000e+02
   4.3662000e+02
   4.3662000e+02
   4.3662000e+02
   4.3662000e+02
   4.3662000e+02
   4.3662000e+02
   4.3662000e+02
   4.3662000e+02
   4.3662000e+02
   4.3662000e+02
   4.3662000e+02
   4.3662000e+02
   4.3662000e+02
   4.3662000e+02
   4.3662000e+02
   4.3662000e+02
   4.3662000e+02
   4.3662000e+02
   4.3662000e+02
   4.3662000e+02
   4.3662000e+02
   4.3662000e+02
   4.3662000e+02
   4.3662000e+02
   4.3662000e+02
   4.3662000e+02
   4.3662000e+02
   4.3662000e+02
   4.3662000e+02
   4.3662000e+02
   4.3662000e+02
   4.3662000e+02
   4.3662000e+02
   4.3662000e+02
   4.3662000e+02
   4.3662000e+02
   4.3662000e+02
   4.3662000e+02
   4.3662000e+02
   4.3662000e+02
   4.3662000e+02
   4.3662000e+02
   4.3662000e+02
   4.3662000e+02
   4.3662000e+02
   4.3662000e+02
   4.3662000e+02
   4.3662000e+02
   4.3662000e+02
   4.3662000e+02
   4.3662000e+02
   4.3662000e+02
   4.3662000e+02
   4.3662000e+02
   4.3662000e+02
   4.3662000e+02
   4.3662000e+02
   4.3662000e+02
   4.3662000e+02
   4.3662000e+02
   4.3662000e+02
   4.3662000e+02
   5.6269440e+01
