   3.6070928e+02
   4.3662000e+02
   4.3662000e+02
   4.3662000e+02
   4.3662000e+02
   4.3662000e+02
   4.3662000e+02
   4.3662000e+02
   4.3662000e+02
   4.3662000e+02
   4.3662000e+02
   4.3662000e+02
   4.3662000e+02
   4.3662000e+02
   4.3662000e+02
   4.3662000e+02
   4.3662000e+02
   4.3662000e+02
   4.3662000e+02
   4.3662000e+02
   4.3662000e+02
   4.3662000e+02
   4.3662000e+02
   4.3662000e+02
   4.3662000e+02
   4.3662000e+02
   4.3662000e+02
   4.3662000e+02
   4.3662000e+02
   4.3662000e+02
   4.3662000e+02
   4.3662000e+02
   4.3662000e+02
   4.3662000e+02
   4.3662000e+02
   4.3662000e+02
   4.3662000e+02
   4.3662000e+02
   4.3662000e+02
   4.3662000e+02
   4.3662000e+02
   4.3662000e+02
   4.3662000e+02
   4.3662000e+02
   4.3662000e+02
   4.3662000e+02
   4.3662000e+02
   4.3662000e+02
   4.3662000e+02
   4.3662000e+02
   4.3662000e+02
   4.3662000e+02
   4.3662000e+02
   4.3662000e+02
   4.3662000e+02
   4.3662000e+02
   4.3662000e+02
   4.3662000e+02
   4.3662000e+02
   4.3662000e+02
   4.3662000e+02
   4.3662000e+02
   4.3662000e+02
   4.3662000e+02
   4.3662000e+02
   4.3662000e+02
   4.3662000e+02
   4.3662000e+02
   4.3662000e+02
   3.6070928e+02
