   3.3124736e+02
   4.3662000e+02
   4.3662000e+02
   4.3662000e+02
   4.3662000e+02
   4.3662000e+02
   4.3662000e+02
   4.3662000e+02
   4.3662000e+02
   4.3662000e+02
   4.3662000e+02
   4.3662000e+02
   4.3662000e+02
   4.3662000e+02
   4.3662000e+02
   4.3662000e+02
   4.3662000e+02
   4.3662000e+02
   4.3662000e+02
   4.3662000e+02
   4.3662000e+02
   4.3662000e+02
   4.3662000e+02
   4.3662000e+02
   4.3662000e+02
   4.3662000e+02
   4.3662000e+02
   4.3662000e+02
   4.3662000e+02
   4.3662000e+02
   4.3662000e+02
   4.3662000e+02
   4.3662000e+02
   4.3662000e+02
   4.3662000e+02
   4.3662000e+02
   4.3662000e+02
   4.3662000e+02
   4.3662000e+02
   4.3662000e+02
   4.3662000e+02
   4.3662000e+02
   4.3662000e+02
   4.3662000e+02
   4.3662000e+02
   4.3662000e+02
   4.3662000e+02
   4.3662000e+02
   4.3662000e+02
   4.3662000e+02
   4.3662000e+02
   4.3662000e+02
   4.3662000e+02
   4.3662000e+02
   4.3662000e+02
   4.3662000e+02
   4.3662000e+02
   4.3662000e+02
   4.3662000e+02
   4.3662000e+02
   4.3662000e+02
   4.3662000e+02
   4.3662000e+02
   4.3662000e+02
   4.3662000e+02
   4.3662000e+02
   4.3662000e+02
   4.3662000e+02
   4.3662000e+02
   3.3124736e+02
