   6.5282000e+02
   1.3056400e+03
   1.3056400e+03
   1.3056400e+03
   1.3056400e+03
   1.3056400e+03
   1.3056400e+03
   1.3056400e+03
   1.3056400e+03
   1.3056400e+03
   1.3056400e+03
   1.3056400e+03
   1.3056400e+03
   1.3056400e+03
   1.3056400e+03
   1.3056400e+03
   1.3056400e+03
   1.3056400e+03
   1.3056400e+03
   1.3056400e+03
   1.3056400e+03
   1.3056400e+03
   1.3056400e+03
   1.3056400e+03
   1.3056400e+03
   1.3056400e+03
   1.3056400e+03
   1.3056400e+03
   1.3056400e+03
   1.3056400e+03
   1.3056400e+03
   1.3056400e+03
   1.3056400e+03
   1.3056400e+03
   1.3056400e+03
   6.5282000e+02
