   1.2336645e+01
   1.2336645e+01
   1.2336645e+01
   1.2336645e+01
   1.2336645e+01
   1.2336645e+01
   1.2336645e+01
   1.2336645e+01
   1.2336645e+01
   1.2336645e+01
   1.2336645e+01
   1.2336645e+01
   1.2336645e+01
   1.2336645e+01
   1.2336645e+01
   1.2336645e+01
   1.2336645e+01
   1.2336645e+01
   1.2336645e+01
   1.2336645e+01
   1.2336645e+01
   1.2336645e+01
   1.2336645e+01
   1.2336645e+01
   1.2336645e+01
   1.2336645e+01
   1.2336645e+01
   1.2336645e+01
   1.2336645e+01
   1.2336645e+01
   1.2336645e+01
   1.2336645e+01
   1.2336645e+01
   1.2336645e+01
   1.2336645e+01
   1.2336645e+01
   1.2336645e+01
   1.2336645e+01
   1.2336645e+01
   1.2336645e+01
   1.2336645e+01
   1.2336645e+01
   1.2336645e+01
   1.2336645e+01
   1.2336645e+01
   1.2336645e+01
   1.2336645e+01
   1.2336645e+01
   1.2336645e+01
   1.2336645e+01
   1.2336645e+01
   1.2336645e+01
   1.2336645e+01
   1.2336645e+01
   1.2336645e+01
   1.2336645e+01
   1.2336645e+01
   1.2336645e+01
   1.2336645e+01
   1.2336645e+01
   1.2336645e+01
   1.2336645e+01
   1.2336645e+01
   1.2336645e+01
   1.2336645e+01
   1.2336645e+01
   1.2336645e+01
   1.2336645e+01
   1.2336645e+01
   1.2336645e+01
   1.2336645e+01
