   0.0000000e+00   1.2000335e+01   1.2000335e+01   2.0770811e+01   2.4000670e+01   1.2025206e+01   2.0813919e+01   3.1731076e+01   2.4000670e+01   1.2025206e+01   2.0813919e+01   1.2000335e+01   1.2000335e+01   2.4050413e+01   2.0813919e+01   2.0813919e+01   2.4050413e+01   2.0770811e+01   2.4000670e+01   2.4000670e+01
   0.0000000e+00   0.0000000e+00   1.2025206e+01   1.2000335e+01   1.2000335e+01   1.2000335e+01   1.2025206e+01   2.0770811e+01   2.0813919e+01   2.0813919e+01   2.4050413e+01   2.0770811e+01   2.4000670e+01   2.0813919e+01   2.4000670e+01   3.1778120e+01   3.1806313e+01   3.1731076e+01   3.1731076e+01   3.6001005e+01
   0.0000000e+00   0.0000000e+00   0.0000000e+00   1.2000335e+01   2.0813919e+01   2.0813919e+01   2.4050413e+01   2.4000670e+01   1.2000335e+01   1.2000335e+01   1.2025206e+01   2.4000670e+01   2.0770811e+01   3.1806313e+01   3.1778120e+01   2.4000670e+01   2.0813919e+01   3.1731076e+01   3.6001005e+01   3.1731076e+01
   0.0000000e+00   0.0000000e+00   0.0000000e+00   0.0000000e+00   1.2025206e+01   2.4000670e+01   2.0813919e+01   1.2000335e+01   1.2025206e+01   2.4000670e+01   2.0813919e+01   3.1731076e+01   3.1731076e+01   3.1778120e+01   3.6001005e+01   3.6001005e+01   3.1778120e+01   4.1541622e+01   4.3247103e+01   4.3247103e+01
   0.0000000e+00   0.0000000e+00   0.0000000e+00   0.0000000e+00   0.0000000e+00   2.0770811e+01   1.2000335e+01   1.2000335e+01   2.4050413e+01   3.1778120e+01   3.1806313e+01   3.1731076e+01   3.6001005e+01   2.4000670e+01   3.1731076e+01   4.3295435e+01   4.1627838e+01   4.3247103e+01   4.1541622e+01   4.8001340e+01
   0.0000000e+00   0.0000000e+00   0.0000000e+00   0.0000000e+00   0.0000000e+00   0.0000000e+00   1.2000335e+01   3.1731076e+01   3.1778120e+01   2.4050413e+01   3.1806313e+01   1.2000335e+01   2.0813919e+01   1.2025206e+01   1.2000335e+01   3.1806313e+01   3.6075619e+01   2.4000670e+01   2.0770811e+01   3.1778120e+01
   0.0000000e+00   0.0000000e+00   0.0000000e+00   0.0000000e+00   0.0000000e+00   0.0000000e+00   0.0000000e+00   2.4000670e+01   3.1806313e+01   3.1806313e+01   3.6075619e+01   2.4000670e+01   3.1778120e+01   1.2000335e+01   2.0770811e+01   4.1627838e+01   4.3350606e+01   3.6001005e+01   3.1731076e+01   4.3295435e+01
   0.0000000e+00   0.0000000e+00   0.0000000e+00   0.0000000e+00   0.0000000e+00   0.0000000e+00   0.0000000e+00   0.0000000e+00   2.0813919e+01   3.6001005e+01   3.1778120e+01   4.1541622e+01   4.3247103e+01   3.6001005e+01   4.3247103e+01   4.8001340e+01   4.3295435e+01   5.2273966e+01   5.2273966e+01   5.4970708e+01
   0.0000000e+00   0.0000000e+00   0.0000000e+00   0.0000000e+00   0.0000000e+00   0.0000000e+00   0.0000000e+00   0.0000000e+00   0.0000000e+00   2.0770811e+01   1.2000335e+01   3.6001005e+01   3.1731076e+01   4.1627838e+01   4.3295435e+01   3.1731076e+01   2.4000670e+01   4.3247103e+01   4.8001340e+01   4.1541622e+01
   0.0000000e+00   0.0000000e+00   0.0000000e+00   0.0000000e+00   0.0000000e+00   0.0000000e+00   0.0000000e+00   0.0000000e+00   0.0000000e+00   0.0000000e+00   1.2000335e+01   2.0813919e+01   1.2000335e+01   3.6075619e+01   3.1806313e+01   1.2000335e+01   1.2025206e+01   2.4000670e+01   3.1778120e+01   2.0770811e+01
   0.0000000e+00   0.0000000e+00   0.0000000e+00   0.0000000e+00   0.0000000e+00   0.0000000e+00   0.0000000e+00   0.0000000e+00   0.0000000e+00   0.0000000e+00   0.0000000e+00   3.1778120e+01   2.4000670e+01   4.3350606e+01   4.1627838e+01   2.0770811e+01   1.2000335e+01   3.6001005e+01   4.3295435e+01   3.1731076e+01
   0.0000000e+00   0.0000000e+00   0.0000000e+00   0.0000000e+00   0.0000000e+00   0.0000000e+00   0.0000000e+00   0.0000000e+00   0.0000000e+00   0.0000000e+00   0.0000000e+00   0.0000000e+00   1.2025206e+01   2.0813919e+01   1.2025206e+01   2.4050413e+01   3.1806313e+01   1.2000335e+01   1.2000335e+01   2.0813919e+01
   0.0000000e+00   0.0000000e+00   0.0000000e+00   0.0000000e+00   0.0000000e+00   0.0000000e+00   0.0000000e+00   0.0000000e+00   0.0000000e+00   0.0000000e+00   0.0000000e+00   0.0000000e+00   0.0000000e+00   3.1806313e+01   2.4050413e+01   1.2025206e+01   2.0813919e+01   1.2000335e+01   2.0813919e+01   1.2000335e+01
   0.0000000e+00   0.0000000e+00   0.0000000e+00   0.0000000e+00   0.0000000e+00   0.0000000e+00   0.0000000e+00   0.0000000e+00   0.0000000e+00   0.0000000e+00   0.0000000e+00   0.0000000e+00   0.0000000e+00   0.0000000e+00   1.2000335e+01   4.3350606e+01   4.8100825e+01   3.1778120e+01   2.4000670e+01   4.1627838e+01
   0.0000000e+00   0.0000000e+00   0.0000000e+00   0.0000000e+00   0.0000000e+00   0.0000000e+00   0.0000000e+00   0.0000000e+00   0.0000000e+00   0.0000000e+00   0.0000000e+00   0.0000000e+00   0.0000000e+00   0.0000000e+00   0.0000000e+00   3.6075619e+01   4.3350606e+01   2.0813919e+01   1.2000335e+01   3.1806313e+01
   0.0000000e+00   0.0000000e+00   0.0000000e+00   0.0000000e+00   0.0000000e+00   0.0000000e+00   0.0000000e+00   0.0000000e+00   0.0000000e+00   0.0000000e+00   0.0000000e+00   0.0000000e+00   0.0000000e+00   0.0000000e+00   0.0000000e+00   0.0000000e+00   1.2000335e+01   2.0813919e+01   3.1806313e+01   1.2000335e+01
   0.0000000e+00   0.0000000e+00   0.0000000e+00   0.0000000e+00   0.0000000e+00   0.0000000e+00   0.0000000e+00   0.0000000e+00   0.0000000e+00   0.0000000e+00   0.0000000e+00   0.0000000e+00   0.0000000e+00   0.0000000e+00   0.0000000e+00   0.0000000e+00   0.0000000e+00   3.1778120e+01   4.1627838e+01   2.4000670e+01
   0.0000000e+00   0.0000000e+00   0.0000000e+00   0.0000000e+00   0.0000000e+00   0.0000000e+00   0.0000000e+00   0.0000000e+00   0.0000000e+00   0.0000000e+00   0.0000000e+00   0.0000000e+00   0.0000000e+00   0.0000000e+00   0.0000000e+00   0.0000000e+00   0.0000000e+00   0.0000000e+00   1.2025206e+01   1.2025206e+01
   0.0000000e+00   0.0000000e+00   0.0000000e+00   0.0000000e+00   0.0000000e+00   0.0000000e+00   0.0000000e+00   0.0000000e+00   0.0000000e+00   0.0000000e+00   0.0000000e+00   0.0000000e+00   0.0000000e+00   0.0000000e+00   0.0000000e+00   0.0000000e+00   0.0000000e+00   0.0000000e+00   0.0000000e+00   2.4050413e+01
   0.0000000e+00   0.0000000e+00   0.0000000e+00   0.0000000e+00   0.0000000e+00   0.0000000e+00   0.0000000e+00   0.0000000e+00   0.0000000e+00   0.0000000e+00   0.0000000e+00   0.0000000e+00   0.0000000e+00   0.0000000e+00   0.0000000e+00   0.0000000e+00   0.0000000e+00   0.0000000e+00   0.0000000e+00   0.0000000e+00
