   8.5662400e+00   3.9268760e+00   1.3056400e+03   1.0153280e+01   1.3200000e+02   2.9927680e+01
   8.5662400e+00   3.9268760e+00   1.3056400e+03   1.0153280e+01   1.3200000e+02   2.9927680e+01
   8.5662400e+00   3.9268760e+00   1.3056400e+03   1.0153280e+01   1.3200000e+02   2.9927680e+01
   8.5662400e+00   3.9268760e+00   1.3056400e+03   1.0153280e+01   1.3200000e+02   2.9927680e+01
   8.5662400e+00   3.9268760e+00   1.3056400e+03   1.0153280e+01   1.3200000e+02   2.9927680e+01
   8.5662400e+00   3.9268760e+00   1.3056400e+03   1.0153280e+01   1.3200000e+02   2.9927680e+01
   8.5662400e+00   3.9268760e+00   1.3056400e+03   1.0153280e+01   1.3200000e+02   2.9927680e+01
   8.5662400e+00   3.9268760e+00   1.3056400e+03   1.0153280e+01   1.3200000e+02   2.9927680e+01
   8.5662400e+00   3.9268760e+00   1.3056400e+03   1.0153280e+01   1.3200000e+02   2.9927680e+01
   8.5662400e+00   3.9268760e+00   1.3056400e+03   1.0153280e+01   1.3200000e+02   2.9927680e+01
   8.5662400e+00   3.9268760e+00   1.3056400e+03   1.0153280e+01   1.3200000e+02   2.9927680e+01
   8.5662400e+00   3.9268760e+00   1.3056400e+03   1.0153280e+01   1.3200000e+02   2.9927680e+01
   8.5662400e+00   3.9268760e+00   1.3056400e+03   1.0153280e+01   1.3200000e+02   2.9927680e+01
   8.5662400e+00   3.9268760e+00   1.3056400e+03   1.0153280e+01   1.3200000e+02   2.9927680e+01
   8.5662400e+00   3.9268760e+00   1.3056400e+03   1.0153280e+01   1.3200000e+02   2.9927680e+01
   8.5662400e+00   3.9268760e+00   1.3056400e+03   1.0153280e+01   1.3200000e+02   2.9927680e+01
   8.5662400e+00   3.9268760e+00   1.3056400e+03   1.0153280e+01   1.3200000e+02   2.9927680e+01
   8.5662400e+00   3.9268760e+00   1.3056400e+03   1.0153280e+01   1.3200000e+02   2.9927680e+01
   8.5662400e+00   3.9268760e+00   1.3056400e+03   1.0153280e+01   1.3200000e+02   2.9927680e+01
   8.5662400e+00   3.9268760e+00   1.3056400e+03   1.0153280e+01   1.3200000e+02   2.9927680e+01
