   5.8827720e+02
   6.5282000e+02
   6.5282000e+02
   6.5282000e+02
   6.5282000e+02
   6.5282000e+02
   6.5282000e+02
   6.5282000e+02
   6.5282000e+02
   6.5282000e+02
   6.5282000e+02
   6.5282000e+02
   6.5282000e+02
   6.5282000e+02
   6.5282000e+02
   6.5282000e+02
   6.5282000e+02
   6.5282000e+02
   6.5282000e+02
   6.5282000e+02
   6.5282000e+02
   6.5282000e+02
   6.5282000e+02
   6.5282000e+02
   6.5282000e+02
   6.5282000e+02
   6.5282000e+02
   6.5282000e+02
   6.5282000e+02
   6.5282000e+02
   6.5282000e+02
   6.5282000e+02
   6.5282000e+02
   6.5282000e+02
   6.5282000e+02
   6.5282000e+02
   6.5282000e+02
   6.5282000e+02
   6.5282000e+02
   6.5282000e+02
   6.5282000e+02
   6.5282000e+02
   6.5282000e+02
   6.5282000e+02
   6.5282000e+02
   6.5282000e+02
   6.5282000e+02
   6.5282000e+02
   6.5282000e+02
   6.5282000e+02
   6.5282000e+02
   6.5282000e+02
   6.5282000e+02
   6.5282000e+02
   6.5282000e+02
   6.5282000e+02
   6.5282000e+02
   6.5282000e+02
   6.5282000e+02
   6.5282000e+02
   6.5282000e+02
   6.5282000e+02
   6.5282000e+02
   6.5282000e+02
   6.5282000e+02
   6.5282000e+02
   6.5282000e+02
   6.5282000e+02
   6.5282000e+02
   6.5282000e+02
   6.4542800e+01
