   4.8353032e+02
   6.5282000e+02
   6.5282000e+02
   6.5282000e+02
   6.5282000e+02
   6.5282000e+02
   6.5282000e+02
   6.5282000e+02
   6.5282000e+02
   6.5282000e+02
   6.5282000e+02
   6.5282000e+02
   6.5282000e+02
   6.5282000e+02
   6.5282000e+02
   6.5282000e+02
   6.5282000e+02
   6.5282000e+02
   6.5282000e+02
   6.5282000e+02
   6.5282000e+02
   6.5282000e+02
   6.5282000e+02
   6.5282000e+02
   6.5282000e+02
   6.5282000e+02
   6.5282000e+02
   6.5282000e+02
   6.5282000e+02
   6.5282000e+02
   6.5282000e+02
   6.5282000e+02
   6.5282000e+02
   6.5282000e+02
   6.5282000e+02
   6.5282000e+02
   6.5282000e+02
   6.5282000e+02
   6.5282000e+02
   6.5282000e+02
   6.5282000e+02
   6.5282000e+02
   6.5282000e+02
   6.5282000e+02
   6.5282000e+02
   6.5282000e+02
   6.5282000e+02
   6.5282000e+02
   6.5282000e+02
   6.5282000e+02
   6.5282000e+02
   6.5282000e+02
   6.5282000e+02
   6.5282000e+02
   6.5282000e+02
   6.5282000e+02
   6.5282000e+02
   6.5282000e+02
   6.5282000e+02
   6.5282000e+02
   6.5282000e+02
   6.5282000e+02
   6.5282000e+02
   6.5282000e+02
   6.5282000e+02
   6.5282000e+02
   6.5282000e+02
   6.5282000e+02
   6.5282000e+02
   4.8353032e+02
