   6.3837840e+02
   6.5282000e+02
   6.5282000e+02
   6.5282000e+02
   6.5282000e+02
   6.5282000e+02
   6.5282000e+02
   6.5282000e+02
   6.5282000e+02
   6.5282000e+02
   6.5282000e+02
   6.5282000e+02
   6.5282000e+02
   6.5282000e+02
   6.5282000e+02
   6.5282000e+02
   6.5282000e+02
   6.5282000e+02
   6.5282000e+02
   6.5282000e+02
   6.5282000e+02
   6.5282000e+02
   6.5282000e+02
   6.5282000e+02
   6.5282000e+02
   6.5282000e+02
   6.5282000e+02
   6.5282000e+02
   6.5282000e+02
   6.5282000e+02
   6.5282000e+02
   6.5282000e+02
   6.5282000e+02
   6.5282000e+02
   6.5282000e+02
   6.5282000e+02
   6.5282000e+02
   6.5282000e+02
   6.5282000e+02
   6.5282000e+02
   6.5282000e+02
   6.5282000e+02
   6.5282000e+02
   6.5282000e+02
   6.5282000e+02
   6.5282000e+02
   6.5282000e+02
   6.5282000e+02
   6.5282000e+02
   6.5282000e+02
   6.5282000e+02
   6.5282000e+02
   6.5282000e+02
   6.5282000e+02
   6.5282000e+02
   6.5282000e+02
   6.5282000e+02
   6.5282000e+02
   6.5282000e+02
   6.5282000e+02
   6.5282000e+02
   6.5282000e+02
   6.5282000e+02
   6.5282000e+02
   6.5282000e+02
   6.5282000e+02
   6.5282000e+02
   6.5282000e+02
   6.5282000e+02
   6.5282000e+02
   1.4441600e+01
