   1.6710855e+01   1.6710855e+01
   1.6925709e+01   2.4708193e+01
   2.3753287e+01   2.0530479e+01
   2.3538433e+01   1.2533141e+01
   2.3968141e+01   2.8527817e+01
   3.0795719e+01   2.4326231e+01
   3.0580865e+01   1.6328893e+01
   3.1010573e+01   3.2323568e+01
   1.7140563e+01   3.2705531e+01
   9.8832772e+00   2.0912442e+01
   1.0098131e+01   2.8909779e+01
   1.6496001e+01   8.7135173e+00
   9.6684233e+00   1.2915104e+01
   3.0366011e+01   8.3315549e+00
   2.3323579e+01   4.5358035e+00
   2.8408454e+00   1.7116690e+01
   3.0556992e+00   2.5114028e+01
   9.4535695e+00   4.9177659e+00
   1.6281147e+01   7.1617951e-01
   2.6259915e+00   9.1193524e+00
