   0.0000000e+00   2.2340452e-04   1.1577480e-02   4.3184230e-03   5.8675442e+00   8.0117871e+00   5.8752682e+00   1.3171649e+01   8.0004468e+00   1.6804196e-02   5.8759459e+00   2.2340452e-04   2.2340452e-04   8.0211097e+00   5.8549631e+00   5.8759459e+00   8.0336084e+00   5.8472072e+00   8.0004468e+00   8.0004468e+00
   2.2340452e-04   0.0000000e+00   4.3184230e-03   5.8549631e+00   1.1577480e-02   5.8752682e+00   8.0211097e+00   8.0117871e+00   2.2340452e-04   2.2340452e-04   1.6804196e-02   8.0004468e+00   5.8472072e+00   1.3185750e+01   1.3162657e+01   8.0004468e+00   5.8759459e+00   1.3154051e+01   1.6000670e+01   1.3154051e+01
   1.1577480e-02   4.3184230e-03   0.0000000e+00   2.2340452e-04   2.2340452e-04   2.2340452e-04   1.6804196e-02   5.8472072e+00   5.8549631e+00   5.8752682e+00   8.0211097e+00   5.8675442e+00   8.0117871e+00   5.8759459e+00   8.0004468e+00   1.3189247e+01   1.3199034e+01   1.3171649e+01   1.3176386e+01   1.6012006e+01
   4.3184230e-03   5.8549631e+00   2.2340452e-04   0.0000000e+00   8.0004468e+00   5.8472072e+00   2.2340452e-04   1.3154051e+01   1.3162657e+01   8.0211097e+00   1.3185750e+01   1.1577480e-02   5.8752682e+00   1.6804196e-02   2.2340452e-04   1.3199034e+01   1.6037910e+01   8.0117871e+00   5.8675442e+00   1.3189247e+01
   5.8675442e+00   1.1577480e-02   2.2340452e-04   8.0004468e+00   0.0000000e+00   1.6804196e-02   5.8759459e+00   2.2340452e-04   4.3184230e-03   8.0117871e+00   5.8752682e+00   1.3176386e+01   1.3171649e+01   1.3185414e+01   1.6000670e+01   1.6012006e+01   1.3189247e+01   1.9714749e+01   2.0854411e+01   2.0847458e+01
   8.0117871e+00   5.8752682e+00   2.2340452e-04   5.8472072e+00   1.6804196e-02   0.0000000e+00   2.2340452e-04   2.2340452e-04   8.0211097e+00   1.3189247e+01   1.3199034e+01   1.3171649e+01   1.6012006e+01   8.0004468e+00   1.3154051e+01   2.0869576e+01   1.9751204e+01   2.0847458e+01   1.9714749e+01   2.4012227e+01
   5.8752682e+00   8.0211097e+00   1.6804196e-02   2.2340452e-04   5.8759459e+00   2.2340452e-04   0.0000000e+00   8.0004468e+00   1.3185750e+01   1.3199034e+01   1.6037910e+01   8.0117871e+00   1.3189247e+01   2.2340452e-04   5.8472072e+00   1.9751204e+01   2.0893137e+01   1.6012006e+01   1.3171649e+01   2.0869576e+01
   1.3171649e+01   8.0117871e+00   5.8472072e+00   1.3154051e+01   2.2340452e-04   2.2340452e-04   8.0004468e+00   0.0000000e+00   5.8752682e+00   1.6012006e+01   1.3189247e+01   1.9714749e+01   2.0847458e+01   1.6000670e+01   2.0831402e+01   2.4012227e+01   2.0869576e+01   2.6868071e+01   2.6870948e+01   2.8662243e+01
   8.0004468e+00   2.2340452e-04   5.8549631e+00   1.3162657e+01   4.3184230e-03   8.0211097e+00   1.3185750e+01   5.8752682e+00   0.0000000e+00   5.8472072e+00   2.2340452e-04   1.6000670e+01   1.3154051e+01   1.9730907e+01   2.0840306e+01   1.3154051e+01   8.0004468e+00   2.0831402e+01   2.4000894e+01   1.9694414e+01
   1.6804196e-02   2.2340452e-04   5.8752682e+00   8.0211097e+00   8.0117871e+00   1.3189247e+01   1.3199034e+01   1.6012006e+01   5.8472072e+00   0.0000000e+00   2.2340452e-04   5.8759459e+00   2.2340452e-04   1.6037910e+01   1.3185750e+01   2.2340452e-04   1.6804196e-02   8.0004468e+00   1.3185414e+01   5.8472072e+00
   5.8759459e+00   1.6804196e-02   8.0211097e+00   1.3185750e+01   5.8752682e+00   1.3199034e+01   1.6037910e+01   1.3189247e+01   2.2340452e-04   2.2340452e-04   0.0000000e+00   1.3185414e+01   8.0004468e+00   2.0883391e+01   1.9730907e+01   5.8472072e+00   2.2340452e-04   1.6000670e+01   2.0863624e+01   1.3154051e+01
   2.2340452e-04   8.0004468e+00   5.8675442e+00   1.1577480e-02   1.3176386e+01   1.3171649e+01   8.0117871e+00   1.9714749e+01   1.6000670e+01   5.8759459e+00   1.3185414e+01   0.0000000e+00   1.6804196e-02   5.8752682e+00   4.3184230e-03   8.0336084e+00   1.3204209e+01   2.2340452e-04   2.2340452e-04   5.8759459e+00
   2.2340452e-04   5.8472072e+00   8.0117871e+00   5.8752682e+00   1.3171649e+01   1.6012006e+01   1.3189247e+01   2.0847458e+01   1.3154051e+01   2.2340452e-04   8.0004468e+00   1.6804196e-02   0.0000000e+00   1.3199034e+01   8.0211097e+00   1.6804196e-02   5.8759459e+00   2.2340452e-04   5.8759459e+00   2.2340452e-04
   8.0211097e+00   1.3185750e+01   5.8759459e+00   1.6804196e-02   1.3185414e+01   8.0004468e+00   2.2340452e-04   1.6000670e+01   1.9730907e+01   1.6037910e+01   2.0883391e+01   5.8752682e+00   1.3199034e+01   0.0000000e+00   2.2340452e-04   2.0893137e+01   2.4054712e+01   1.3189247e+01   8.0117871e+00   1.9751204e+01
   5.8549631e+00   1.3162657e+01   8.0004468e+00   2.2340452e-04   1.6000670e+01   1.3154051e+01   5.8472072e+00   2.0831402e+01   2.0840306e+01   1.3185750e+01   1.9730907e+01   4.3184230e-03   8.0211097e+00   2.2340452e-04   0.0000000e+00   1.6037910e+01   2.0883391e+01   5.8752682e+00   1.1577480e-02   1.3199034e+01
   5.8759459e+00   8.0004468e+00   1.3189247e+01   1.3199034e+01   1.6012006e+01   2.0869576e+01   1.9751204e+01   2.4012227e+01   1.3154051e+01   2.2340452e-04   5.8472072e+00   8.0336084e+00   1.6804196e-02   2.0893137e+01   1.6037910e+01   0.0000000e+00   2.2340452e-04   5.8759459e+00   1.3204209e+01   2.2340452e-04
   8.0336084e+00   5.8759459e+00   1.3199034e+01   1.6037910e+01   1.3189247e+01   1.9751204e+01   2.0893137e+01   2.0869576e+01   8.0004468e+00   1.6804196e-02   2.2340452e-04   1.3204209e+01   5.8759459e+00   2.4054712e+01   2.0883391e+01   2.2340452e-04   0.0000000e+00   1.3185414e+01   1.9751892e+01   8.0004468e+00
   5.8472072e+00   1.3154051e+01   1.3171649e+01   8.0117871e+00   1.9714749e+01   2.0847458e+01   1.6012006e+01   2.6868071e+01   2.0831402e+01   8.0004468e+00   1.6000670e+01   2.2340452e-04   2.2340452e-04   1.3189247e+01   5.8752682e+00   5.8759459e+00   1.3185414e+01   0.0000000e+00   1.6804196e-02   1.6804196e-02
   8.0004468e+00   1.6000670e+01   1.3176386e+01   5.8675442e+00   2.0854411e+01   1.9714749e+01   1.3171649e+01   2.6870948e+01   2.4000894e+01   1.3185414e+01   2.0863624e+01   2.2340452e-04   5.8759459e+00   8.0117871e+00   1.1577480e-02   1.3204209e+01   1.9751892e+01   1.6804196e-02   0.0000000e+00   8.0336084e+00
   8.0004468e+00   1.3154051e+01   1.6012006e+01   1.3189247e+01   2.0847458e+01   2.4012227e+01   2.0869576e+01   2.8662243e+01   1.9694414e+01   5.8472072e+00   1.3154051e+01   5.8759459e+00   2.2340452e-04   1.9751204e+01   1.3199034e+01   2.2340452e-04   8.0004468e+00   1.6804196e-02   8.0336084e+00   0.0000000e+00
