Graph addvar/addexpr lines
1 1201
x MYSA[29].i_pas( 0.5 )
-0.0025	0
0.0025	0
0.0075	4.7351e-08
0.0125	1.19735e-07
0.0175	2.04839e-07
0.0225	2.95299e-07
0.0275	3.86765e-07
0.0325	4.76743e-07
0.0375	5.63866e-07
0.0425	6.47454e-07
0.0475	7.27235e-07
0.0525	8.03174e-07
0.0575	8.75376e-07
0.0625	9.44015e-07
0.0675	1.0093e-06
0.0725	1.07145e-06
0.0775	1.13069e-06
0.0825	1.18722e-06
0.0875	1.24124e-06
0.0925	1.29295e-06
0.0975	1.3425e-06
0.1025	1.39006e-06
0.1075	1.43577e-06
0.1125	1.47976e-06
0.1175	1.52215e-06
0.1225	1.56305e-06
0.1275	1.60256e-06
0.1325	1.64077e-06
0.1375	1.67777e-06
0.1425	1.71364e-06
0.1475	1.74843e-06
0.1525	1.78223e-06
0.1575	1.81508e-06
0.1625	1.84705e-06
0.1675	1.87819e-06
0.1725	1.90853e-06
0.1775	1.93813e-06
0.1825	1.96703e-06
0.1875	1.99526e-06
0.1925	2.02285e-06
0.1975	2.04985e-06
0.2025	2.07627e-06
0.2075	2.10215e-06
0.2125	2.12751e-06
0.2175	2.15238e-06
0.2225	2.17678e-06
0.2275	2.20072e-06
0.2325	2.22424e-06
0.2375	2.24735e-06
0.2425	2.27006e-06
0.2475	2.29239e-06
0.2525	2.31437e-06
0.2575	2.33599e-06
0.2625	2.35728e-06
0.2675	2.37825e-06
0.2725	2.3989e-06
0.2775	2.41926e-06
0.2825	2.43934e-06
0.2875	2.45913e-06
0.2925	2.47866e-06
0.2975	2.49793e-06
0.3025	2.51695e-06
0.3075	2.53573e-06
0.3125	2.55428e-06
0.3175	2.5726e-06
0.3225	2.59071e-06
0.3275	2.6086e-06
0.3325	2.62628e-06
0.3375	2.64377e-06
0.3425	2.66107e-06
0.3475	2.67817e-06
0.3525	2.6951e-06
0.3575	2.71184e-06
0.3625	2.72842e-06
0.3675	2.74483e-06
0.3725	2.76107e-06
0.3775	2.77716e-06
0.3825	2.79309e-06
0.3875	2.80887e-06
0.3925	2.8245e-06
0.3975	2.83999e-06
0.4025	2.85534e-06
0.4075	2.87056e-06
0.4125	2.88564e-06
0.4175	2.90059e-06
0.4225	2.91541e-06
0.4275	2.93012e-06
0.4325	2.94469e-06
0.4375	2.95916e-06
0.4425	2.9735e-06
0.4475	2.98773e-06
0.4525	3.00185e-06
0.4575	3.01586e-06
0.4625	3.02977e-06
0.4675	3.04357e-06
0.4725	3.05727e-06
0.4775	3.07086e-06
0.4825	3.08436e-06
0.4875	3.09777e-06
0.4925	3.11107e-06
0.4975	3.12429e-06
0.5025	3.13741e-06
0.5075	3.15045e-06
0.5125	3.1634e-06
0.5175	3.17626e-06
0.5225	3.18903e-06
0.5275	3.20173e-06
0.5325	3.21434e-06
0.5375	3.22687e-06
0.5425	3.23932e-06
0.5475	3.2517e-06
0.5525	3.26399e-06
0.5575	3.27622e-06
0.5625	3.28837e-06
0.5675	3.30044e-06
0.5725	3.31245e-06
0.5775	3.32438e-06
0.5825	3.33624e-06
0.5875	3.34804e-06
0.5925	3.35977e-06
0.5975	3.37143e-06
0.6025	3.38303e-06
0.6075	3.39456e-06
0.6125	3.40603e-06
0.6175	3.41743e-06
0.6225	3.42878e-06
0.6275	3.44006e-06
0.6325	3.45128e-06
0.6375	3.46245e-06
0.6425	3.47355e-06
0.6475	3.4846e-06
0.6525	3.49559e-06
0.6575	3.50653e-06
0.6625	3.51741e-06
0.6675	3.52823e-06
0.6725	3.539e-06
0.6775	3.54972e-06
0.6825	3.56039e-06
0.6875	3.571e-06
0.6925	3.58156e-06
0.6975	3.59207e-06
0.7025	3.60254e-06
0.7075	3.61295e-06
0.7125	3.62331e-06
0.7175	3.63363e-06
0.7225	3.64389e-06
0.7275	3.65411e-06
0.7325	3.66429e-06
0.7375	3.67442e-06
0.7425	3.6845e-06
0.7475	3.69454e-06
0.7525	3.70453e-06
0.7575	3.71448e-06
0.7625	3.72438e-06
0.7675	3.73424e-06
0.7725	3.74406e-06
0.7775	3.75384e-06
0.7825	3.76358e-06
0.7875	3.77327e-06
0.7925	3.78293e-06
0.7975	3.79254e-06
0.8025	3.80212e-06
0.8075	3.81165e-06
0.8125	3.82115e-06
0.8175	3.8306e-06
0.8225	3.84002e-06
0.8275	3.8494e-06
0.8325	3.85874e-06
0.8375	3.86805e-06
0.8425	3.87732e-06
0.8475	3.88655e-06
0.8525	3.89575e-06
0.8575	3.90491e-06
0.8625	3.91404e-06
0.8675	3.92313e-06
0.8725	3.93218e-06
0.8775	3.9412e-06
0.8825	3.95019e-06
0.8875	3.95915e-06
0.8925	3.96807e-06
0.8975	3.97695e-06
0.9025	3.98581e-06
0.9075	3.99463e-06
0.9125	4.00342e-06
0.9175	4.01218e-06
0.9225	4.0209e-06
0.9275	4.0296e-06
0.9325	4.03826e-06
0.9375	4.0469e-06
0.9425	4.0555e-06
0.9475	4.06407e-06
0.9525	4.07261e-06
0.9575	4.08113e-06
0.9625	4.08961e-06
0.9675	4.09806e-06
0.9725	4.10649e-06
0.9775	4.11489e-06
0.9825	4.12325e-06
0.9875	4.13159e-06
0.9925	4.13991e-06
0.9975	4.14819e-06
1.0025	4.15645e-06
1.0075	4.16468e-06
1.0125	4.17288e-06
1.0175	4.18109e-06
1.0225	4.18932e-06
1.0275	4.19765e-06
1.0325	4.20621e-06
1.0375	4.21514e-06
1.0425	4.22469e-06
1.0475	4.23512e-06
1.0525	4.24675e-06
1.0575	4.25997e-06
1.0625	4.27523e-06
1.0675	4.29303e-06
1.0725	4.31395e-06
1.0775	4.33867e-06
1.0825	4.368e-06
1.0875	4.40285e-06
1.0925	4.44433e-06
1.0975	4.49372e-06
1.1025	4.55258e-06
1.1075	4.62273e-06
1.1125	4.70636e-06
1.1175	4.80607e-06
1.1225	4.92495e-06
1.1275	5.06674e-06
1.1325	5.23589e-06
1.1375	5.4377e-06
1.1425	5.67849e-06
1.1475	5.96589e-06
1.1525	6.30902e-06
1.1575	6.7188e-06
1.1625	7.20819e-06
1.1675	7.79268e-06
1.1725	8.49103e-06
1.1775	9.32576e-06
1.1825	1.03235e-05
1.1875	1.15159e-05
1.1925	1.2941e-05
1.1975	1.46454e-05
1.2025	1.66843e-05
1.2075	1.91223e-05
1.2125	2.20363e-05
1.2175	2.55214e-05
1.2225	2.96929e-05
1.2275	3.4685e-05
1.2325	4.06525e-05
1.2375	4.77852e-05
1.2425	5.6323e-05
1.2475	6.65506e-05
1.2525	7.8785e-05
1.2575	9.33966e-05
1.2625	0.000110868
1.2675	0.000131812
1.2725	0.000156908
1.2775	0.000186878
1.2825	0.000222632
1.2875	0.000265455
1.2925	0.000316895
1.2975	0.000378442
1.3025	0.000451697
1.3075	0.000539093
1.3125	0.000644195
1.3175	0.000770575
1.3225	0.000920998
1.3275	0.00109925
1.3325	0.0013127
1.3375	0.00157098
1.3425	0.00188027
1.3475	0.00224422
1.3525	0.00267425
1.3575	0.00319417
1.3625	0.00382502
1.3675	0.00456559
1.3725	0.00541689
1.3775	0.00641862
1.3825	0.00762957
1.3875	0.00902963
1.3925	0.0104666
1.3975	0.0117967
1.4025	0.0129747
1.4075	0.0140157
1.4125	0.0149417
1.4175	0.0157562
1.4225	0.0164562
1.4275	0.0170474
1.4325	0.0175432
1.4375	0.0179577
1.4425	0.0183009
1.4475	0.0185798
1.4525	0.0188011
1.4575	0.0189717
1.4625	0.0190982
1.4675	0.0191861
1.4725	0.0192396
1.4775	0.0192625
1.4825	0.0192581
1.4875	0.0192295
1.4925	0.0191792
1.4975	0.0191095
1.5025	0.0190223
1.5075	0.0189193
1.5125	0.0188022
1.5175	0.0186723
1.5225	0.0185308
1.5275	0.018379
1.5325	0.0182178
1.5375	0.0180482
1.5425	0.0178711
1.5475	0.0176874
1.5525	0.0174978
1.5575	0.017303
1.5625	0.0171038
1.5675	0.0169008
1.5725	0.0166947
1.5775	0.0164859
1.5825	0.0162752
1.5875	0.0160628
1.5925	0.0158495
1.5975	0.0156356
1.6025	0.0154215
1.6075	0.0152076
1.6125	0.0149943
1.6175	0.014782
1.6225	0.0145709
1.6275	0.0143613
1.6325	0.0141535
1.6375	0.0139477
1.6425	0.0137441
1.6475	0.0135429
1.6525	0.0133442
1.6575	0.0131482
1.6625	0.0129551
1.6675	0.0127648
1.6725	0.0125776
1.6775	0.0123934
1.6825	0.0122124
1.6875	0.0120346
1.6925	0.0118599
1.6975	0.0116886
1.7025	0.0115204
1.7075	0.0113556
1.7125	0.011194
1.7175	0.0110357
1.7225	0.0108806
1.7275	0.0107288
1.7325	0.0105801
1.7375	0.0104347
1.7425	0.0102924
1.7475	0.0101532
1.7525	0.010017
1.7575	0.00988388
1.7625	0.00975372
1.7675	0.00962649
1.7725	0.00950212
1.7775	0.00938058
1.7825	0.0092618
1.7875	0.00914573
1.7925	0.00903231
1.7975	0.00892147
1.8025	0.00881316
1.8075	0.00870733
1.8125	0.0086039
1.8175	0.00850282
1.8225	0.00840403
1.8275	0.00830747
1.8325	0.00821308
1.8375	0.00812079
1.8425	0.00803056
1.8475	0.00794232
1.8525	0.00785602
1.8575	0.00777161
1.8625	0.00768902
1.8675	0.00760821
1.8725	0.00752913
1.8775	0.00745172
1.8825	0.00737594
1.8875	0.00730174
1.8925	0.00722907
1.8975	0.0071579
1.9025	0.00708817
1.9075	0.00701985
1.9125	0.0069529
1.9175	0.00688727
1.9225	0.00682294
1.9275	0.00675986
1.9325	0.006698
1.9375	0.00663733
1.9425	0.00657781
1.9475	0.00651942
1.9525	0.00646213
1.9575	0.0064059
1.9625	0.00635071
1.9675	0.00629653
1.9725	0.00624334
1.9775	0.00619111
1.9825	0.00613982
1.9875	0.00608944
1.9925	0.00603995
1.9975	0.00599134
2.0025	0.00594357
2.0075	0.00589664
2.0125	0.00585051
2.0175	0.00580518
2.0225	0.00576062
2.0275	0.00571681
2.0325	0.00567375
2.0375	0.0056314
2.0425	0.00558976
2.0475	0.00554881
2.0525	0.00550853
2.0575	0.00546892
2.0625	0.00542995
2.0675	0.00539161
2.0725	0.00535388
2.0775	0.00531677
2.0825	0.00528024
2.0875	0.00524429
2.0925	0.0052089
2.0975	0.00517408
2.1025	0.00513979
2.1075	0.00510603
2.1125	0.0050728
2.1175	0.00504007
2.1225	0.00500784
2.1275	0.0049761
2.1325	0.00494484
2.1375	0.00491405
2.1425	0.00488371
2.1475	0.00485382
2.1525	0.00482437
2.1575	0.00479536
2.1625	0.00476676
2.1675	0.00473858
2.1725	0.00471081
2.1775	0.00468343
2.1825	0.00465644
2.1875	0.00462983
2.1925	0.00460359
2.1975	0.00457772
2.2025	0.00455221
2.2075	0.00452705
2.2125	0.00450223
2.2175	0.00447775
2.2225	0.00445361
2.2275	0.00442978
2.2325	0.00440628
2.2375	0.00438308
2.2425	0.0043602
2.2475	0.00433761
2.2525	0.00431532
2.2575	0.00429331
2.2625	0.00427159
2.2675	0.00425014
2.2725	0.00422897
2.2775	0.00420806
2.2825	0.00418742
2.2875	0.00416703
2.2925	0.0041469
2.2975	0.00412701
2.3025	0.00410736
2.3075	0.00408796
2.3125	0.00406878
2.3175	0.00404984
2.3225	0.00403112
2.3275	0.00401262
2.3325	0.00399434
2.3375	0.00397627
2.3425	0.00395841
2.3475	0.00394076
2.3525	0.00392331
2.3575	0.00390605
2.3625	0.00388899
2.3675	0.00387212
2.3725	0.00385544
2.3775	0.00383895
2.3825	0.00382263
2.3875	0.0038065
2.3925	0.00379054
2.3975	0.00377475
2.4025	0.00375913
2.4075	0.00374367
2.4125	0.00372838
2.4175	0.00371325
2.4225	0.00369828
2.4275	0.00368346
2.4325	0.0036688
2.4375	0.00365428
2.4425	0.00363992
2.4475	0.0036257
2.4525	0.00361162
2.4575	0.00359768
2.4625	0.00358388
2.4675	0.00357022
2.4725	0.00355669
2.4775	0.00354329
2.4825	0.00353002
2.4875	0.00351688
2.4925	0.00350387
2.4975	0.00349098
2.5025	0.00347821
2.5075	0.00346556
2.5125	0.00345302
2.5175	0.00344061
2.5225	0.00342831
2.5275	0.00341612
2.5325	0.00340404
2.5375	0.00339207
2.5425	0.00338021
2.5475	0.00336846
2.5525	0.00335681
2.5575	0.00334526
2.5625	0.00333382
2.5675	0.00332248
2.5725	0.00331123
2.5775	0.00330008
2.5825	0.00328903
2.5875	0.00327807
2.5925	0.0032672
2.5975	0.00325643
2.6025	0.00324575
2.6075	0.00323515
2.6125	0.00322465
2.6175	0.00321423
2.6225	0.00320389
2.6275	0.00319364
2.6325	0.00318348
2.6375	0.00317339
2.6425	0.00316339
2.6475	0.00315347
2.6525	0.00314362
2.6575	0.00313386
2.6625	0.00312417
2.6675	0.00311455
2.6725	0.00310502
2.6775	0.00309555
2.6825	0.00308616
2.6875	0.00307684
2.6925	0.00306759
2.6975	0.00305841
2.7025	0.0030493
2.7075	0.00304026
2.7125	0.00303129
2.7175	0.00302238
2.7225	0.00301354
2.7275	0.00300476
2.7325	0.00299605
2.7375	0.0029874
2.7425	0.00297881
2.7475	0.00297029
2.7525	0.00296183
2.7575	0.00295342
2.7625	0.00294508
2.7675	0.0029368
2.7725	0.00292857
2.7775	0.0029204
2.7825	0.00291229
2.7875	0.00290424
2.7925	0.00289624
2.7975	0.00288829
2.8025	0.0028804
2.8075	0.00287256
2.8125	0.00286478
2.8175	0.00285705
2.8225	0.00284937
2.8275	0.00284174
2.8325	0.00283416
2.8375	0.00282663
2.8425	0.00281915
2.8475	0.00281172
2.8525	0.00280434
2.8575	0.00279701
2.8625	0.00278972
2.8675	0.00278248
2.8725	0.00277529
2.8775	0.00276814
2.8825	0.00276104
2.8875	0.00275398
2.8925	0.00274697
2.8975	0.00274
2.9025	0.00273307
2.9075	0.00272619
2.9125	0.00271935
2.9175	0.00271255
2.9225	0.00270579
2.9275	0.00269907
2.9325	0.0026924
2.9375	0.00268576
2.9425	0.00267917
2.9475	0.00267261
2.9525	0.0026661
2.9575	0.00265962
2.9625	0.00265318
2.9675	0.00264678
2.9725	0.00264041
2.9775	0.00263408
2.9825	0.00262779
2.9875	0.00262154
2.9925	0.00261532
2.9975	0.00260913
3.0025	0.00260299
3.0075	0.00259687
3.0125	0.0025908
3.0175	0.00258475
3.0225	0.00257874
3.0275	0.00257276
3.0325	0.00256682
3.0375	0.00256091
3.0425	0.00255503
3.0475	0.00254918
3.0525	0.00254337
3.0575	0.00253759
3.0625	0.00253184
3.0675	0.00252612
3.0725	0.00252043
3.0775	0.00251477
3.0825	0.00250914
3.0875	0.00250354
3.0925	0.00249797
3.0975	0.00249243
3.1025	0.00248692
3.1075	0.00248144
3.1125	0.00247599
3.1175	0.00247056
3.1225	0.00246517
3.1275	0.0024598
3.1325	0.00245446
3.1375	0.00244914
3.1425	0.00244385
3.1475	0.00243859
3.1525	0.00243336
3.1575	0.00242815
3.1625	0.00242297
3.1675	0.00241781
3.1725	0.00241268
3.1775	0.00240758
3.1825	0.0024025
3.1875	0.00239744
3.1925	0.00239241
3.1975	0.00238741
3.2025	0.00238243
3.2075	0.00237747
3.2125	0.00237254
3.2175	0.00236763
3.2225	0.00236274
3.2275	0.00235788
3.2325	0.00235304
3.2375	0.00234822
3.2425	0.00234343
3.2475	0.00233866
3.2525	0.00233391
3.2575	0.00232918
3.2625	0.00232447
3.2675	0.00231979
3.2725	0.00231513
3.2775	0.00231049
3.2825	0.00230587
3.2875	0.00230127
3.2925	0.00229669
3.2975	0.00229213
3.3025	0.0022876
3.3075	0.00228308
3.3125	0.00227858
3.3175	0.00227411
3.3225	0.00226965
3.3275	0.00226522
3.3325	0.0022608
3.3375	0.0022564
3.3425	0.00225202
3.3475	0.00224767
3.3525	0.00224332
3.3575	0.002239
3.3625	0.0022347
3.3675	0.00223042
3.3725	0.00222615
3.3775	0.0022219
3.3825	0.00221767
3.3875	0.00221346
3.3925	0.00220927
3.3975	0.00220509
3.4025	0.00220093
3.4075	0.00219679
3.4125	0.00219267
3.4175	0.00218856
3.4225	0.00218447
3.4275	0.0021804
3.4325	0.00217634
3.4375	0.0021723
3.4425	0.00216828
3.4475	0.00216427
3.4525	0.00216028
3.4575	0.00215631
3.4625	0.00215235
3.4675	0.00214841
3.4725	0.00214448
3.4775	0.00214057
3.4825	0.00213667
3.4875	0.00213279
3.4925	0.00212893
3.4975	0.00212508
3.5025	0.00212124
3.5075	0.00211742
3.5125	0.00211362
3.5175	0.00210983
3.5225	0.00210605
3.5275	0.00210229
3.5325	0.00209855
3.5375	0.00209481
3.5425	0.0020911
3.5475	0.00208739
3.5525	0.0020837
3.5575	0.00208003
3.5625	0.00207637
3.5675	0.00207272
3.5725	0.00206909
3.5775	0.00206546
3.5825	0.00206186
3.5875	0.00205826
3.5925	0.00205468
3.5975	0.00205112
3.6025	0.00204756
3.6075	0.00204402
3.6125	0.00204049
3.6175	0.00203698
3.6225	0.00203348
3.6275	0.00202999
3.6325	0.00202651
3.6375	0.00202304
3.6425	0.00201959
3.6475	0.00201615
3.6525	0.00201272
3.6575	0.00200931
3.6625	0.00200591
3.6675	0.00200251
3.6725	0.00199914
3.6775	0.00199577
3.6825	0.00199241
3.6875	0.00198907
3.6925	0.00198574
3.6975	0.00198242
3.7025	0.00197911
3.7075	0.00197581
3.7125	0.00197252
3.7175	0.00196925
3.7225	0.00196598
3.7275	0.00196273
3.7325	0.00195949
3.7375	0.00195626
3.7425	0.00195304
3.7475	0.00194983
3.7525	0.00194663
3.7575	0.00194344
3.7625	0.00194027
3.7675	0.0019371
3.7725	0.00193395
3.7775	0.0019308
3.7825	0.00192767
3.7875	0.00192454
3.7925	0.00192143
3.7975	0.00191832
3.8025	0.00191523
3.8075	0.00191215
3.8125	0.00190907
3.8175	0.00190601
3.8225	0.00190295
3.8275	0.00189991
3.8325	0.00189688
3.8375	0.00189385
3.8425	0.00189084
3.8475	0.00188783
3.8525	0.00188484
3.8575	0.00188185
3.8625	0.00187887
3.8675	0.00187591
3.8725	0.00187295
3.8775	0.00187
3.8825	0.00186706
3.8875	0.00186413
3.8925	0.00186121
3.8975	0.0018583
3.9025	0.00185539
3.9075	0.0018525
3.9125	0.00184961
3.9175	0.00184674
3.9225	0.00184387
3.9275	0.00184101
3.9325	0.00183816
3.9375	0.00183532
3.9425	0.00183249
3.9475	0.00182966
3.9525	0.00182685
3.9575	0.00182404
3.9625	0.00182124
3.9675	0.00181845
3.9725	0.00181567
3.9775	0.0018129
3.9825	0.00181013
3.9875	0.00180737
3.9925	0.00180463
3.9975	0.00180188
4.0025	0.00179915
4.0075	0.00179643
4.0125	0.00179371
4.0175	0.001791
4.0225	0.0017883
4.0275	0.00178561
4.0325	0.00178292
4.0375	0.00178024
4.0425	0.00177757
4.0475	0.00177491
4.0525	0.00177226
4.0575	0.00176961
4.0625	0.00176697
4.0675	0.00176434
4.0725	0.00176171
4.0775	0.0017591
4.0825	0.00175649
4.0875	0.00175389
4.0925	0.00175129
4.0975	0.0017487
4.1025	0.00174612
4.1075	0.00174355
4.1125	0.00174098
4.1175	0.00173842
4.1225	0.00173587
4.1275	0.00173333
4.1325	0.00173079
4.1375	0.00172826
4.1425	0.00172574
4.1475	0.00172322
4.1525	0.00172071
4.1575	0.00171821
4.1625	0.00171571
4.1675	0.00171322
4.1725	0.00171074
4.1775	0.00170826
4.1825	0.00170579
4.1875	0.00170333
4.1925	0.00170088
4.1975	0.00169843
4.2025	0.00169598
4.2075	0.00169355
4.2125	0.00169112
4.2175	0.0016887
4.2225	0.00168628
4.2275	0.00168387
4.2325	0.00168146
4.2375	0.00167907
4.2425	0.00167668
4.2475	0.00167429
4.2525	0.00167191
4.2575	0.00166954
4.2625	0.00166717
4.2675	0.00166481
4.2725	0.00166246
4.2775	0.00166011
4.2825	0.00165777
4.2875	0.00165543
4.2925	0.0016531
4.2975	0.00165078
4.3025	0.00164846
4.3075	0.00164615
4.3125	0.00164384
4.3175	0.00164154
4.3225	0.00163925
4.3275	0.00163696
4.3325	0.00163468
4.3375	0.0016324
4.3425	0.00163013
4.3475	0.00162786
4.3525	0.0016256
4.3575	0.00162335
4.3625	0.0016211
4.3675	0.00161886
4.3725	0.00161662
4.3775	0.00161439
4.3825	0.00161216
4.3875	0.00160994
4.3925	0.00160773
4.3975	0.00160552
4.4025	0.00160331
4.4075	0.00160112
4.4125	0.00159892
4.4175	0.00159673
4.4225	0.00159455
4.4275	0.00159237
4.4325	0.0015902
4.4375	0.00158804
4.4425	0.00158587
4.4475	0.00158372
4.4525	0.00158157
4.4575	0.00157942
4.4625	0.00157728
4.4675	0.00157514
4.4725	0.00157301
4.4775	0.00157089
4.4825	0.00156877
4.4875	0.00156665
4.4925	0.00156454
4.4975	0.00156244
4.5025	0.00156034
4.5075	0.00155824
4.5125	0.00155615
4.5175	0.00155407
4.5225	0.00155199
4.5275	0.00154991
4.5325	0.00154784
4.5375	0.00154577
4.5425	0.00154371
4.5475	0.00154166
4.5525	0.0015396
4.5575	0.00153756
4.5625	0.00153552
4.5675	0.00153348
4.5725	0.00153145
4.5775	0.00152942
4.5825	0.00152739
4.5875	0.00152538
4.5925	0.00152336
4.5975	0.00152135
4.6025	0.00151935
4.6075	0.00151735
4.6125	0.00151535
4.6175	0.00151336
4.6225	0.00151137
4.6275	0.00150939
4.6325	0.00150741
4.6375	0.00150544
4.6425	0.00150347
4.6475	0.00150151
4.6525	0.00149955
4.6575	0.00149759
4.6625	0.00149564
4.6675	0.00149369
4.6725	0.00149175
4.6775	0.00148981
4.6825	0.00148788
4.6875	0.00148595
4.6925	0.00148402
4.6975	0.0014821
4.7025	0.00148019
4.7075	0.00147827
4.7125	0.00147636
4.7175	0.00147446
4.7225	0.00147256
4.7275	0.00147066
4.7325	0.00146877
4.7375	0.00146689
4.7425	0.001465
4.7475	0.00146312
4.7525	0.00146125
4.7575	0.00145938
4.7625	0.00145751
4.7675	0.00145564
4.7725	0.00145379
4.7775	0.00145193
4.7825	0.00145008
4.7875	0.00144823
4.7925	0.00144639
4.7975	0.00144455
4.8025	0.00144271
4.8075	0.00144088
4.8125	0.00143905
4.8175	0.00143723
4.8225	0.00143541
4.8275	0.00143359
4.8325	0.00143178
4.8375	0.00142997
4.8425	0.00142817
4.8475	0.00142637
4.8525	0.00142457
4.8575	0.00142278
4.8625	0.00142099
4.8675	0.0014192
4.8725	0.00141742
4.8775	0.00141564
4.8825	0.00141387
4.8875	0.00141209
4.8925	0.00141033
4.8975	0.00140856
4.9025	0.0014068
4.9075	0.00140505
4.9125	0.00140329
4.9175	0.00140154
4.9225	0.0013998
4.9275	0.00139806
4.9325	0.00139632
4.9375	0.00139458
4.9425	0.00139285
4.9475	0.00139112
4.9525	0.0013894
4.9575	0.00138768
4.9625	0.00138596
4.9675	0.00138425
4.9725	0.00138253
4.9775	0.00138083
4.9825	0.00137912
4.9875	0.00137742
4.9925	0.00137573
4.9975	0.00137403
5.0025	0.00137234
5.0075	0.00137066
5.0125	0.00136897
5.0175	0.00136729
5.0225	0.00136562
5.0275	0.00136394
5.0325	0.00136227
5.0375	0.00136061
5.0425	0.00135894
5.0475	0.00135728
5.0525	0.00135563
5.0575	0.00135397
5.0625	0.00135232
5.0675	0.00135067
5.0725	0.00134903
5.0775	0.00134739
5.0825	0.00134575
5.0875	0.00134412
5.0925	0.00134249
5.0975	0.00134086
5.1025	0.00133923
5.1075	0.00133761
5.1125	0.00133599
5.1175	0.00133438
5.1225	0.00133277
5.1275	0.00133116
5.1325	0.00132955
5.1375	0.00132795
5.1425	0.00132635
5.1475	0.00132475
5.1525	0.00132316
5.1575	0.00132157
5.1625	0.00131998
5.1675	0.0013184
5.1725	0.00131681
5.1775	0.00131523
5.1825	0.00131366
5.1875	0.00131209
5.1925	0.00131052
5.1975	0.00130895
5.2025	0.00130739
5.2075	0.00130583
5.2125	0.00130427
5.2175	0.00130271
5.2225	0.00130116
5.2275	0.00129961
5.2325	0.00129807
5.2375	0.00129652
5.2425	0.00129498
5.2475	0.00129344
5.2525	0.00129191
5.2575	0.00129038
5.2625	0.00128885
5.2675	0.00128732
5.2725	0.0012858
5.2775	0.00128428
5.2825	0.00128276
5.2875	0.00128125
5.2925	0.00127973
5.2975	0.00127822
5.3025	0.00127672
5.3075	0.00127521
5.3125	0.00127371
5.3175	0.00127221
5.3225	0.00127072
5.3275	0.00126923
5.3325	0.00126774
5.3375	0.00126625
5.3425	0.00126476
5.3475	0.00126328
5.3525	0.0012618
5.3575	0.00126033
5.3625	0.00125885
5.3675	0.00125738
5.3725	0.00125591
5.3775	0.00125444
5.3825	0.00125298
5.3875	0.00125152
5.3925	0.00125006
5.3975	0.00124861
5.4025	0.00124715
5.4075	0.0012457
5.4125	0.00124426
5.4175	0.00124281
5.4225	0.00124137
5.4275	0.00123993
5.4325	0.00123849
5.4375	0.00123705
5.4425	0.00123562
5.4475	0.00123419
5.4525	0.00123276
5.4575	0.00123134
5.4625	0.00122992
5.4675	0.0012285
5.4725	0.00122708
5.4775	0.00122567
5.4825	0.00122425
5.4875	0.00122284
5.4925	0.00122144
5.4975	0.00122003
5.5025	0.00121863
5.5075	0.00121723
5.5125	0.00121583
5.5175	0.00121443
5.5225	0.00121304
5.5275	0.00121165
5.5325	0.00121026
5.5375	0.00120888
5.5425	0.00120749
5.5475	0.00120611
5.5525	0.00120473
5.5575	0.00120336
5.5625	0.00120198
5.5675	0.00120061
5.5725	0.00119924
5.5775	0.00119788
5.5825	0.00119651
5.5875	0.00119515
5.5925	0.00119379
5.5975	0.00119243
5.6025	0.00119108
5.6075	0.00118972
5.6125	0.00118837
5.6175	0.00118703
5.6225	0.00118568
5.6275	0.00118434
5.6325	0.00118299
5.6375	0.00118166
5.6425	0.00118032
5.6475	0.00117898
5.6525	0.00117765
5.6575	0.00117632
5.6625	0.00117499
5.6675	0.00117367
5.6725	0.00117234
5.6775	0.00117102
5.6825	0.0011697
5.6875	0.00116839
5.6925	0.00116707
5.6975	0.00116576
5.7025	0.00116445
5.7075	0.00116314
5.7125	0.00116183
5.7175	0.00116053
5.7225	0.00115923
5.7275	0.00115793
5.7325	0.00115663
5.7375	0.00115533
5.7425	0.00115404
5.7475	0.00115275
5.7525	0.00115146
5.7575	0.00115017
5.7625	0.00114889
5.7675	0.00114761
5.7725	0.00114633
5.7775	0.00114505
5.7825	0.00114377
5.7875	0.0011425
5.7925	0.00114122
5.7975	0.00113995
5.8025	0.00113869
5.8075	0.00113742
5.8125	0.00113616
5.8175	0.00113489
5.8225	0.00113363
5.8275	0.00113238
5.8325	0.00113112
5.8375	0.00112987
5.8425	0.00112861
5.8475	0.00112736
5.8525	0.00112612
5.8575	0.00112487
5.8625	0.00112363
5.8675	0.00112238
5.8725	0.00112114
5.8775	0.00111991
5.8825	0.00111867
5.8875	0.00111744
5.8925	0.0011162
5.8975	0.00111497
5.9025	0.00111375
5.9075	0.00111252
5.9125	0.00111129
5.9175	0.00111007
5.9225	0.00110885
5.9275	0.00110763
5.9325	0.00110642
5.9375	0.0011052
5.9425	0.00110399
5.9475	0.00110278
5.9525	0.00110157
5.9575	0.00110036
5.9625	0.00109916
5.9675	0.00109795
5.9725	0.00109675
5.9775	0.00109555
5.9825	0.00109435
5.9875	0.00109316
5.9925	0.00109196
5.9975	0.00109077
0 unlabeled lines
