Graph addvar/addexpr lines
2 1201
x MYSA[30].vext[0]( 0.5 ) MYSA[30].vext[0](1)
0	0	0
0.005	0.00132932	0.00141129
0.01	0.00215734	0.0023687
0.015	0.0026939	0.00305536
0.02	0.00304899	0.00356765
0.025	0.00329019	0.00396529
0.03	0.00345955	0.00428591
0.035	0.00358325	0.00455339
0.04	0.00367763	0.00478301
0.045	0.00375288	0.00498466
0.05	0.00381538	0.00516487
0.055	0.00386914	0.00532799
0.06	0.0039167	0.00547704
0.065	0.00395966	0.00561417
0.07	0.00399907	0.00574094
0.075	0.0040356	0.00585858
0.08	0.00406971	0.00596802
0.085	0.00410172	0.00607005
0.09	0.00413185	0.00616533
0.095	0.00416028	0.00625442
0.1	0.00418713	0.00633781
0.105	0.00421252	0.00641596
0.11	0.00423654	0.00648925
0.115	0.00425928	0.00655804
0.12	0.00428081	0.00662265
0.125	0.0043012	0.00668339
0.13	0.00432051	0.00674053
0.135	0.00433881	0.00679431
0.14	0.00435614	0.00684497
0.145	0.00437256	0.00689271
0.15	0.00438813	0.00693774
0.155	0.00440288	0.00698023
0.16	0.00441687	0.00702036
0.165	0.00443013	0.00705826
0.17	0.00444271	0.0070941
0.175	0.00445464	0.007128
0.18	0.00446595	0.00716008
0.185	0.00447669	0.00719045
0.19	0.00448687	0.00721923
0.195	0.00449655	0.00724651
0.2	0.00450573	0.00727239
0.205	0.00451445	0.00729694
0.21	0.00452273	0.00732025
0.215	0.0045306	0.0073424
0.22	0.00453807	0.00736344
0.225	0.00454518	0.00738345
0.23	0.00455194	0.00740248
0.235	0.00455836	0.00742059
0.24	0.00456448	0.00743784
0.245	0.00457029	0.00745427
0.25	0.00457583	0.00746993
0.255	0.0045811	0.00748486
0.26	0.00458612	0.0074991
0.265	0.0045909	0.00751269
0.27	0.00459545	0.00752566
0.275	0.00459979	0.00753805
0.28	0.00460393	0.00754989
0.285	0.00460787	0.00756121
0.29	0.00461163	0.00757204
0.295	0.00461522	0.00758239
0.3	0.00461865	0.0075923
0.305	0.00462192	0.00760179
0.31	0.00462504	0.00761087
0.315	0.00462802	0.00761958
0.32	0.00463086	0.00762792
0.325	0.00463358	0.00763592
0.33	0.00463618	0.00764359
0.335	0.00463866	0.00765096
0.34	0.00464104	0.00765802
0.345	0.00464331	0.00766481
0.35	0.00464548	0.00767132
0.355	0.00464755	0.00767758
0.36	0.00464954	0.0076836
0.365	0.00465144	0.00768938
0.37	0.00465326	0.00769494
0.375	0.004655	0.00770029
0.38	0.00465667	0.00770544
0.385	0.00465827	0.00771039
0.39	0.0046598	0.00771516
0.395	0.00466126	0.00771975
0.4	0.00466267	0.00772417
0.405	0.00466401	0.00772843
0.41	0.0046653	0.00773253
0.415	0.00466653	0.00773649
0.42	0.00466771	0.0077403
0.425	0.00466884	0.00774397
0.43	0.00466993	0.00774752
0.435	0.00467097	0.00775094
0.44	0.00467196	0.00775424
0.445	0.00467292	0.00775742
0.45	0.00467383	0.00776049
0.455	0.0046747	0.00776345
0.46	0.00467554	0.00776631
0.465	0.00467635	0.00776908
0.47	0.00467712	0.00777174
0.475	0.00467785	0.00777432
0.48	0.00467856	0.00777681
0.485	0.00467923	0.00777921
0.49	0.00467988	0.00778153
0.495	0.00468049	0.00778377
0.5	0.00468109	0.00778593
0.505	0.00468165	0.00778803
0.51	0.00468219	0.00779005
0.515	0.00468271	0.007792
0.52	0.0046832	0.00779388
0.525	0.00468367	0.00779571
0.53	0.00468412	0.00779747
0.535	0.00468454	0.00779917
0.54	0.00468495	0.00780081
0.545	0.00468534	0.0078024
0.55	0.00468571	0.00780393
0.555	0.00468606	0.00780541
0.56	0.00468639	0.00780684
0.565	0.00468671	0.00780822
0.57	0.00468701	0.00780955
0.575	0.00468729	0.00781084
0.58	0.00468756	0.00781208
0.585	0.00468781	0.00781328
0.59	0.00468805	0.00781444
0.595	0.00468828	0.00781556
0.6	0.00468849	0.00781663
0.605	0.00468869	0.00781767
0.61	0.00468887	0.00781867
0.615	0.00468905	0.00781964
0.62	0.00468921	0.00782057
0.625	0.00468936	0.00782146
0.63	0.00468949	0.00782233
0.635	0.00468962	0.00782316
0.64	0.00468974	0.00782396
0.645	0.00468984	0.00782472
0.65	0.00468994	0.00782546
0.655	0.00469003	0.00782617
0.66	0.0046901	0.00782685
0.665	0.00469017	0.00782751
0.67	0.00469023	0.00782813
0.675	0.00469028	0.00782873
0.68	0.00469032	0.00782931
0.685	0.00469035	0.00782986
0.69	0.00469038	0.00783039
0.695	0.0046904	0.00783089
0.7	0.00469041	0.00783137
0.705	0.00469041	0.00783183
0.71	0.0046904	0.00783226
0.715	0.00469039	0.00783268
0.72	0.00469037	0.00783307
0.725	0.00469035	0.00783344
0.73	0.00469032	0.0078338
0.735	0.00469028	0.00783413
0.74	0.00469023	0.00783445
0.745	0.00469018	0.00783475
0.75	0.00469012	0.00783502
0.755	0.00469006	0.00783529
0.76	0.00468999	0.00783553
0.765	0.00468992	0.00783576
0.77	0.00468984	0.00783597
0.775	0.00468976	0.00783617
0.78	0.00468967	0.00783635
0.785	0.00468958	0.00783651
0.79	0.00468948	0.00783666
0.795	0.00468937	0.0078368
0.8	0.00468927	0.00783692
0.805	0.00468915	0.00783703
0.81	0.00468904	0.00783712
0.815	0.00468892	0.0078372
0.82	0.00468879	0.00783726
0.825	0.00468866	0.00783732
0.83	0.00468853	0.00783736
0.835	0.00468839	0.00783739
0.84	0.00468825	0.00783741
0.845	0.00468811	0.00783741
0.85	0.00468796	0.00783741
0.855	0.00468781	0.00783739
0.86	0.00468765	0.00783736
0.865	0.00468749	0.00783732
0.87	0.00468733	0.00783727
0.875	0.00468717	0.00783721
0.88	0.004687	0.00783714
0.885	0.00468683	0.00783706
0.89	0.00468665	0.00783697
0.895	0.00468647	0.00783688
0.9	0.0046863	0.00783677
0.905	0.00468611	0.00783665
0.91	0.00468593	0.00783652
0.915	0.00468574	0.00783639
0.92	0.00468555	0.00783624
0.925	0.00468535	0.00783609
0.93	0.00468516	0.00783593
0.935	0.00468496	0.00783576
0.94	0.00468476	0.00783559
0.945	0.00468456	0.0078354
0.95	0.00468435	0.00783521
0.955	0.00468414	0.00783501
0.96	0.00468394	0.00783481
0.965	0.00468372	0.00783459
0.97	0.00468351	0.00783437
0.975	0.00468329	0.00783414
0.98	0.00468308	0.00783391
0.985	0.00468286	0.00783367
0.99	0.00468264	0.00783342
0.995	0.00468241	0.00783317
1	0.00468219	0.00783291
1.005	0.00468198	0.00783266
1.01	0.0046819	0.00783254
1.015	0.00468225	0.00783289
1.02	0.00468369	0.00783442
1.025	0.00468726	0.00783829
1.03	0.00469439	0.00784612
1.035	0.00470678	0.0078599
1.04	0.00472632	0.00788191
1.045	0.00475504	0.00791462
1.05	0.00479507	0.00796071
1.055	0.0048487	0.00802313
1.06	0.00491847	0.00810513
1.065	0.00500725	0.00821044
1.07	0.00511837	0.00834334
1.075	0.00525578	0.00850891
1.08	0.00542422	0.00871316
1.085	0.0056293	0.00896324
1.09	0.00587775	0.00926766
1.095	0.0061776	0.00963655
1.1	0.00653861	0.0100822
1.105	0.00697249	0.0106192
1.11	0.00749313	0.0112652
1.115	0.00811705	0.0120407
1.12	0.00886425	0.012971
1.125	0.00975903	0.0140862
1.13	0.0108303	0.0154226
1.135	0.0121118	0.0170227
1.14	0.0136442	0.0189372
1.145	0.0154773	0.0212286
1.15	0.0176715	0.0239719
1.155	0.020297	0.0272552
1.16	0.0234352	0.0311811
1.165	0.0271869	0.0358755
1.17	0.0316777	0.0414946
1.175	0.0370556	0.0482233
1.18	0.0434872	0.0562714
1.185	0.0511699	0.0658878
1.19	0.0603592	0.0773904
1.195	0.0713735	0.091173
1.2	0.0845653	0.107678
1.205	0.100319	0.127397
1.21	0.119126	0.150945
1.215	0.141663	0.179152
1.22	0.168719	0.212998
1.225	0.201077	0.253484
1.23	0.239619	0.301745
1.235	0.285671	0.359414
1.24	0.34106	0.42871
1.245	0.407589	0.511901
1.25	0.486805	0.611053
1.255	0.580911	0.72897
1.26	0.693861	0.870388
1.265	0.830429	1.04108
1.27	0.99385	1.24541
1.275	1.18684	1.48726
1.28	1.41628	1.77497
1.285	1.69469	2.12316
1.29	2.03236	2.54466
1.295	2.43127	3.04392
1.3	2.89776	3.62985
1.305	3.45858	4.3331
1.31	4.15097	5.19673
1.315	4.98349	6.23526
1.32	5.94165	7.43877
1.325	7.05975	8.84749
1.33	8.44589	10.5813
1.335	10.1815	12.7376
1.34	12.1921	15.2527
1.345	14.4203	18.0747
1.35	17.0894	21.4444
1.355	20.5712	25.7723
1.36	24.8481	31.0771
1.365	29.3458	36.784
1.37	34.1152	42.9418
1.375	40.2348	50.6899
1.38	48.3378	60.7609
1.385	56.3676	71.0754
1.39	60.5722	77.6309
1.395	60.7973	80.0153
1.4	59.45	80.5466
1.405	58.136	80.856
1.41	57.0813	81.1978
1.415	55.7905	81.0652
1.42	54.1025	80.2959
1.425	52.2652	79.1631
1.43	50.5278	77.9515
1.435	48.9515	76.7516
1.44	47.4561	75.5019
1.445	45.9831	74.1579
1.45	44.5415	72.7436
1.455	43.162	71.3051
1.46	41.854	69.8653
1.465	40.6012	68.4186
1.47	39.3859	66.9554
1.475	38.2015	65.4768
1.48	37.0493	63.9907
1.485	35.9296	62.5034
1.49	34.8385	61.0161
1.495	33.7711	59.528
1.5	32.7245	58.04
1.505	31.6981	56.5545
1.51	30.6916	55.0742
1.515	29.7044	53.6011
1.52	28.7358	52.1365
1.525	27.7851	50.6818
1.53	26.8524	49.239
1.535	25.938	47.8099
1.54	25.0423	46.3962
1.545	24.1654	44.9996
1.55	23.3076	43.6216
1.555	22.4693	42.2636
1.56	21.6508	40.927
1.565	20.8524	39.6132
1.57	20.0745	38.3234
1.575	19.3172	37.0585
1.58	18.5808	35.8195
1.585	17.8653	34.6073
1.59	17.1709	33.4225
1.595	16.4974	32.2656
1.6	15.8449	31.1372
1.605	15.2132	30.0376
1.61	14.6021	28.9669
1.615	14.0114	27.9253
1.62	13.4407	26.9127
1.625	12.8897	25.9292
1.63	12.3581	24.9745
1.635	11.8454	24.0484
1.64	11.3512	23.1505
1.645	10.8751	22.2806
1.65	10.4164	21.4381
1.655	9.97492	20.6227
1.66	9.54999	19.8338
1.665	9.14116	19.071
1.67	8.74794	18.3336
1.675	8.36986	17.6212
1.68	8.00643	16.933
1.685	7.65719	16.2687
1.69	7.32166	15.6274
1.695	6.99939	15.0088
1.7	6.68995	14.4121
1.705	6.39289	13.8368
1.71	6.1078	13.2822
1.715	5.83424	12.7479
1.72	5.57182	12.2331
1.725	5.32014	11.7373
1.73	5.0788	11.26
1.735	4.84743	10.8005
1.74	4.62565	10.3583
1.745	4.41308	9.93276
1.75	4.20939	9.52341
1.755	4.01421	9.12967
1.76	3.8272	8.751
1.765	3.64803	8.38687
1.77	3.47637	8.03674
1.775	3.31191	7.70011
1.78	3.15434	7.37648
1.785	3.00335	7.06535
1.79	2.85867	6.76624
1.795	2.72	6.47868
1.8	2.58709	6.20222
1.805	2.45966	5.93642
1.81	2.33748	5.68084
1.815	2.22029	5.43508
1.82	2.10788	5.19872
1.825	2.00001	4.97138
1.83	1.89649	4.75269
1.835	1.79711	4.54228
1.84	1.70167	4.33982
1.845	1.61001	4.14497
1.85	1.52195	3.95741
1.855	1.43732	3.77685
1.86	1.35597	3.60298
1.865	1.27776	3.43553
1.87	1.20254	3.27424
1.875	1.13019	3.11884
1.88	1.06059	2.96911
1.885	0.993603	2.82482
1.89	0.929136	2.68573
1.895	0.867079	2.55164
1.9	0.807333	2.42236
1.905	0.749806	2.2977
1.91	0.694408	2.17746
1.915	0.641057	2.06149
1.92	0.589671	1.94962
1.925	0.540176	1.84169
1.93	0.492501	1.73756
1.935	0.446577	1.63708
1.94	0.402339	1.54012
1.945	0.359727	1.44654
1.95	0.318681	1.35623
1.955	0.279145	1.26907
1.96	0.241066	1.18495
1.965	0.204393	1.10375
1.97	0.169077	1.02537
1.975	0.13507	0.949728
1.98	0.102327	0.876714
1.985	0.0708068	0.806241
1.99	0.0404661	0.738222
1.995	0.0112653	0.672575
2	-0.0168338	0.609218
2.005	-0.0438685	0.548076
2.01	-0.0698743	0.489072
2.015	-0.0948858	0.432138
2.02	-0.118936	0.377202
2.025	-0.142057	0.3242
2.03	-0.164281	0.273067
2.035	-0.185636	0.223742
2.04	-0.206152	0.176165
2.045	-0.225858	0.130279
2.05	-0.244779	0.0860287
2.055	-0.262943	0.0433602
2.06	-0.280375	0.00222195
2.065	-0.297099	-0.0374361
2.07	-0.31314	-0.0756624
2.075	-0.328521	-0.112504
2.08	-0.343263	-0.148005
2.085	-0.357389	-0.18221
2.09	-0.370919	-0.215162
2.095	-0.383874	-0.246902
2.1	-0.396274	-0.277468
2.105	-0.408138	-0.3069
2.11	-0.419484	-0.335235
2.115	-0.43033	-0.362509
2.12	-0.440694	-0.388756
2.125	-0.450592	-0.414011
2.13	-0.46004	-0.438307
2.135	-0.469055	-0.461674
2.14	-0.477652	-0.484145
2.145	-0.485845	-0.505747
2.15	-0.493649	-0.526512
2.155	-0.501077	-0.546465
2.16	-0.508143	-0.565635
2.165	-0.51486	-0.584047
2.17	-0.52124	-0.601727
2.175	-0.527296	-0.618699
2.18	-0.533039	-0.634988
2.185	-0.538481	-0.650615
2.19	-0.543632	-0.665604
2.195	-0.548503	-0.679976
2.2	-0.553105	-0.693751
2.205	-0.557447	-0.706951
2.21	-0.561539	-0.719594
2.215	-0.56539	-0.731699
2.22	-0.569009	-0.743285
2.225	-0.572405	-0.75437
2.23	-0.575586	-0.76497
2.235	-0.57856	-0.775103
2.24	-0.581335	-0.784783
2.245	-0.583918	-0.794028
2.25	-0.586317	-0.802851
2.255	-0.588539	-0.811268
2.26	-0.59059	-0.819292
2.265	-0.592476	-0.826936
2.27	-0.594205	-0.834215
2.275	-0.595782	-0.841141
2.28	-0.597214	-0.847726
2.285	-0.598505	-0.853981
2.29	-0.599661	-0.859919
2.295	-0.600688	-0.865551
2.3	-0.60159	-0.870886
2.305	-0.602373	-0.875937
2.31	-0.603041	-0.880712
2.315	-0.603599	-0.885221
2.32	-0.604051	-0.889473
2.325	-0.604401	-0.893479
2.33	-0.604653	-0.897246
2.335	-0.604812	-0.900782
2.34	-0.604881	-0.904097
2.345	-0.604864	-0.907198
2.35	-0.604764	-0.910092
2.355	-0.604585	-0.912787
2.36	-0.60433	-0.91529
2.365	-0.604002	-0.917607
2.37	-0.603604	-0.919747
2.375	-0.603139	-0.921714
2.38	-0.60261	-0.923515
2.385	-0.60202	-0.925156
2.39	-0.601371	-0.926643
2.395	-0.600666	-0.927981
2.4	-0.599907	-0.929177
2.405	-0.599096	-0.930234
2.41	-0.598236	-0.931158
2.415	-0.597329	-0.931954
2.42	-0.596378	-0.932626
2.425	-0.595383	-0.93318
2.43	-0.594347	-0.933618
2.435	-0.593272	-0.933947
2.44	-0.592159	-0.934169
2.445	-0.591011	-0.934289
2.45	-0.589829	-0.934311
2.455	-0.588615	-0.934237
2.46	-0.58737	-0.934072
2.465	-0.586095	-0.933819
2.47	-0.584792	-0.933482
2.475	-0.583463	-0.933063
2.48	-0.582109	-0.932566
2.485	-0.580731	-0.931993
2.49	-0.57933	-0.931348
2.495	-0.577907	-0.930633
2.5	-0.576465	-0.929851
2.505	-0.575002	-0.929005
2.51	-0.573522	-0.928097
2.515	-0.572024	-0.927129
2.52	-0.57051	-0.926104
2.525	-0.568981	-0.925024
2.53	-0.567437	-0.923891
2.535	-0.565879	-0.922707
2.54	-0.564309	-0.921475
2.545	-0.562727	-0.920196
2.55	-0.561134	-0.918872
2.555	-0.55953	-0.917505
2.56	-0.557917	-0.916096
2.565	-0.556294	-0.914649
2.57	-0.554664	-0.913163
2.575	-0.553025	-0.911641
2.58	-0.551379	-0.910084
2.585	-0.549727	-0.908494
2.59	-0.548069	-0.906872
2.595	-0.546405	-0.905219
2.6	-0.544737	-0.903537
2.605	-0.543064	-0.901827
2.61	-0.541387	-0.900091
2.615	-0.539706	-0.898329
2.62	-0.538023	-0.896542
2.625	-0.536337	-0.894733
2.63	-0.534648	-0.892901
2.635	-0.532958	-0.891049
2.64	-0.531267	-0.889176
2.645	-0.529574	-0.887284
2.65	-0.527881	-0.885374
2.655	-0.526187	-0.883447
2.66	-0.524493	-0.881503
2.665	-0.522799	-0.879544
2.67	-0.521106	-0.87757
2.675	-0.519414	-0.875583
2.68	-0.517723	-0.873582
2.685	-0.516033	-0.871568
2.69	-0.514345	-0.869543
2.695	-0.512658	-0.867507
2.7	-0.510974	-0.865461
2.705	-0.509292	-0.863405
2.71	-0.507612	-0.861339
2.715	-0.505935	-0.859266
2.72	-0.504261	-0.857184
2.725	-0.50259	-0.855095
2.73	-0.500922	-0.852999
2.735	-0.499257	-0.850897
2.74	-0.497596	-0.848789
2.745	-0.495939	-0.846675
2.75	-0.494286	-0.844557
2.755	-0.492637	-0.842434
2.76	-0.490991	-0.840308
2.765	-0.48935	-0.838178
2.77	-0.487714	-0.836044
2.775	-0.486082	-0.833908
2.78	-0.484455	-0.83177
2.785	-0.482832	-0.829629
2.79	-0.481214	-0.827487
2.795	-0.479601	-0.825344
2.8	-0.477993	-0.823199
2.805	-0.47639	-0.821054
2.81	-0.474793	-0.818909
2.815	-0.4732	-0.816763
2.82	-0.471613	-0.814618
2.825	-0.470031	-0.812473
2.83	-0.468455	-0.810329
2.835	-0.466885	-0.808186
2.84	-0.465319	-0.806044
2.845	-0.46376	-0.803904
2.85	-0.462206	-0.801766
2.855	-0.460658	-0.799629
2.86	-0.459116	-0.797495
2.865	-0.45758	-0.795363
2.87	-0.456049	-0.793233
2.875	-0.454525	-0.791107
2.88	-0.453006	-0.788983
2.885	-0.451494	-0.786862
2.89	-0.449987	-0.784745
2.895	-0.448486	-0.782631
2.9	-0.446992	-0.780521
2.905	-0.445504	-0.778415
2.91	-0.444021	-0.776312
2.915	-0.442545	-0.774214
2.92	-0.441076	-0.77212
2.925	-0.439612	-0.77003
2.93	-0.438154	-0.767944
2.935	-0.436703	-0.765864
2.94	-0.435258	-0.763788
2.945	-0.433819	-0.761716
2.95	-0.432386	-0.75965
2.955	-0.43096	-0.757589
2.96	-0.42954	-0.755533
2.965	-0.428126	-0.753482
2.97	-0.426719	-0.751436
2.975	-0.425317	-0.749396
2.98	-0.423922	-0.747361
2.985	-0.422534	-0.745332
2.99	-0.421151	-0.743309
2.995	-0.419775	-0.741291
3	-0.418405	-0.739279
3.005	-0.417041	-0.737273
3.01	-0.415684	-0.735273
3.015	-0.414333	-0.733279
3.02	-0.412988	-0.731291
3.025	-0.411649	-0.729309
3.03	-0.410316	-0.727334
3.035	-0.40899	-0.725364
3.04	-0.40767	-0.723401
3.045	-0.406356	-0.721444
3.05	-0.405049	-0.719494
3.055	-0.403747	-0.71755
3.06	-0.402452	-0.715612
3.065	-0.401163	-0.713681
3.07	-0.39988	-0.711757
3.075	-0.398603	-0.709839
3.08	-0.397332	-0.707927
3.085	-0.396067	-0.706023
3.09	-0.394809	-0.704124
3.095	-0.393556	-0.702233
3.1	-0.39231	-0.700348
3.105	-0.391069	-0.698471
3.11	-0.389835	-0.696599
3.115	-0.388606	-0.694735
3.12	-0.387384	-0.692878
3.125	-0.386168	-0.691027
3.13	-0.384957	-0.689183
3.135	-0.383752	-0.687346
3.14	-0.382554	-0.685516
3.145	-0.381361	-0.683693
3.15	-0.380174	-0.681876
3.155	-0.378993	-0.680067
3.16	-0.377817	-0.678264
3.165	-0.376648	-0.676469
3.17	-0.375484	-0.67468
3.175	-0.374326	-0.672898
3.18	-0.373174	-0.671123
3.185	-0.372028	-0.669356
3.19	-0.370887	-0.667595
3.195	-0.369752	-0.665841
3.2	-0.368622	-0.664094
3.205	-0.367498	-0.662354
3.21	-0.36638	-0.660621
3.215	-0.365268	-0.658895
3.22	-0.364161	-0.657175
3.225	-0.363059	-0.655463
3.23	-0.361963	-0.653758
3.235	-0.360873	-0.65206
3.24	-0.359788	-0.650368
3.245	-0.358708	-0.648684
3.25	-0.357634	-0.647006
3.255	-0.356566	-0.645336
3.26	-0.355502	-0.643672
3.265	-0.354444	-0.642015
3.27	-0.353392	-0.640365
3.275	-0.352345	-0.638723
3.28	-0.351303	-0.637086
3.285	-0.350266	-0.635457
3.29	-0.349235	-0.633835
3.295	-0.348209	-0.632219
3.3	-0.347188	-0.630611
3.305	-0.346172	-0.629009
3.31	-0.345161	-0.627414
3.315	-0.344156	-0.625826
3.32	-0.343155	-0.624244
3.325	-0.34216	-0.62267
3.33	-0.34117	-0.621102
3.335	-0.340185	-0.619541
3.34	-0.339204	-0.617986
3.345	-0.338229	-0.616438
3.35	-0.337259	-0.614897
3.355	-0.336294	-0.613363
3.36	-0.335334	-0.611835
3.365	-0.334378	-0.610314
3.37	-0.333428	-0.6088
3.375	-0.332482	-0.607292
3.38	-0.331541	-0.605791
3.385	-0.330605	-0.604297
3.39	-0.329674	-0.602809
3.395	-0.328748	-0.601327
3.4	-0.327826	-0.599852
3.405	-0.326909	-0.598384
3.41	-0.325997	-0.596922
3.415	-0.325089	-0.595467
3.42	-0.324186	-0.594018
3.425	-0.323288	-0.592575
3.43	-0.322394	-0.591139
3.435	-0.321505	-0.589709
3.44	-0.32062	-0.588286
3.445	-0.31974	-0.586869
3.45	-0.318865	-0.585458
3.455	-0.317994	-0.584054
3.46	-0.317127	-0.582656
3.465	-0.316265	-0.581264
3.47	-0.315407	-0.579879
3.475	-0.314554	-0.578499
3.48	-0.313705	-0.577126
3.485	-0.312861	-0.575759
3.49	-0.312021	-0.574399
3.495	-0.311185	-0.573044
3.5	-0.310353	-0.571696
3.505	-0.309526	-0.570354
3.51	-0.308703	-0.569017
3.515	-0.307884	-0.567687
3.52	-0.30707	-0.566363
3.525	-0.306259	-0.565045
3.53	-0.305453	-0.563733
3.535	-0.304651	-0.562427
3.54	-0.303853	-0.561127
3.545	-0.303059	-0.559832
3.55	-0.302269	-0.558544
3.555	-0.301484	-0.557262
3.56	-0.300702	-0.555985
3.565	-0.299924	-0.554714
3.57	-0.299151	-0.553449
3.575	-0.298381	-0.55219
3.58	-0.297616	-0.550937
3.585	-0.296854	-0.549689
3.59	-0.296096	-0.548447
3.595	-0.295342	-0.547211
3.6	-0.294592	-0.545981
3.605	-0.293846	-0.544756
3.61	-0.293104	-0.543537
3.615	-0.292365	-0.542323
3.62	-0.29163	-0.541115
3.625	-0.290899	-0.539913
3.63	-0.290172	-0.538716
3.635	-0.289449	-0.537525
3.64	-0.288729	-0.536339
3.645	-0.288013	-0.535159
3.65	-0.287301	-0.533984
3.655	-0.286592	-0.532815
3.66	-0.285887	-0.531651
3.665	-0.285186	-0.530492
3.67	-0.284488	-0.529339
3.675	-0.283794	-0.528191
3.68	-0.283103	-0.527048
3.685	-0.282416	-0.525911
3.69	-0.281732	-0.524779
3.695	-0.281052	-0.523652
3.7	-0.280376	-0.522531
3.705	-0.279703	-0.521415
3.71	-0.279033	-0.520303
3.715	-0.278367	-0.519198
3.72	-0.277704	-0.518097
3.725	-0.277045	-0.517001
3.73	-0.276389	-0.515911
3.735	-0.275736	-0.514825
3.74	-0.275087	-0.513745
3.745	-0.274441	-0.512669
3.75	-0.273799	-0.511599
3.755	-0.273159	-0.510533
3.76	-0.272523	-0.509473
3.765	-0.271891	-0.508417
3.77	-0.271261	-0.507367
3.775	-0.270635	-0.506321
3.78	-0.270012	-0.50528
3.785	-0.269392	-0.504244
3.79	-0.268775	-0.503213
3.795	-0.268161	-0.502187
3.8	-0.267551	-0.501166
3.805	-0.266944	-0.500149
3.81	-0.26634	-0.499137
3.815	-0.265738	-0.498129
3.82	-0.26514	-0.497127
3.825	-0.264545	-0.496129
3.83	-0.263954	-0.495136
3.835	-0.263365	-0.494147
3.84	-0.262779	-0.493163
3.845	-0.262196	-0.492184
3.85	-0.261616	-0.491209
3.855	-0.261039	-0.490239
3.86	-0.260465	-0.489273
3.865	-0.259894	-0.488312
3.87	-0.259326	-0.487355
3.875	-0.25876	-0.486403
3.88	-0.258198	-0.485455
3.885	-0.257638	-0.484512
3.89	-0.257082	-0.483573
3.895	-0.256528	-0.482638
3.9	-0.255977	-0.481708
3.905	-0.255429	-0.480782
3.91	-0.254883	-0.479861
3.915	-0.254341	-0.478943
3.92	-0.253801	-0.47803
3.925	-0.253263	-0.477122
3.93	-0.252729	-0.476217
3.935	-0.252197	-0.475317
3.94	-0.251668	-0.474421
3.945	-0.251142	-0.473529
3.95	-0.250618	-0.472641
3.955	-0.250097	-0.471758
3.96	-0.249579	-0.470878
3.965	-0.249063	-0.470003
3.97	-0.24855	-0.469132
3.975	-0.24804	-0.468265
3.98	-0.247532	-0.467402
3.985	-0.247027	-0.466543
3.99	-0.246524	-0.465687
3.995	-0.246023	-0.464836
4	-0.245526	-0.463989
4.005	-0.245031	-0.463146
4.01	-0.244538	-0.462307
4.015	-0.244048	-0.461471
4.02	-0.24356	-0.46064
4.025	-0.243075	-0.459812
4.03	-0.242592	-0.458989
4.035	-0.242112	-0.458169
4.04	-0.241634	-0.457353
4.045	-0.241158	-0.45654
4.05	-0.240685	-0.455732
4.055	-0.240214	-0.454927
4.06	-0.239746	-0.454126
4.065	-0.23928	-0.453329
4.07	-0.238816	-0.452535
4.075	-0.238355	-0.451745
4.08	-0.237896	-0.450959
4.085	-0.237439	-0.450176
4.09	-0.236985	-0.449397
4.095	-0.236532	-0.448622
4.1	-0.236083	-0.44785
4.105	-0.235635	-0.447082
4.11	-0.23519	-0.446318
4.115	-0.234746	-0.445557
4.12	-0.234306	-0.444799
4.125	-0.233867	-0.444045
4.13	-0.23343	-0.443294
4.135	-0.232996	-0.442547
4.14	-0.232564	-0.441804
4.145	-0.232134	-0.441064
4.15	-0.231706	-0.440327
4.155	-0.23128	-0.439594
4.16	-0.230857	-0.438864
4.165	-0.230435	-0.438137
4.17	-0.230016	-0.437414
4.175	-0.229599	-0.436694
4.18	-0.229184	-0.435977
4.185	-0.228771	-0.435264
4.19	-0.228359	-0.434554
4.195	-0.22795	-0.433847
4.2	-0.227544	-0.433144
4.205	-0.227139	-0.432444
4.21	-0.226736	-0.431747
4.215	-0.226335	-0.431053
4.22	-0.225936	-0.430362
4.225	-0.225539	-0.429675
4.23	-0.225144	-0.428991
4.235	-0.224751	-0.42831
4.24	-0.22436	-0.427632
4.245	-0.223971	-0.426957
4.25	-0.223584	-0.426285
4.255	-0.223198	-0.425616
4.26	-0.222815	-0.424951
4.265	-0.222433	-0.424288
4.27	-0.222054	-0.423629
4.275	-0.221676	-0.422972
4.28	-0.2213	-0.422318
4.285	-0.220926	-0.421668
4.29	-0.220554	-0.42102
4.295	-0.220184	-0.420376
4.3	-0.219815	-0.419734
4.305	-0.219449	-0.419095
4.31	-0.219084	-0.41846
4.315	-0.218721	-0.417827
4.32	-0.21836	-0.417197
4.325	-0.218	-0.416569
4.33	-0.217642	-0.415945
4.335	-0.217286	-0.415324
4.34	-0.216932	-0.414705
4.345	-0.21658	-0.414089
4.35	-0.216229	-0.413476
4.355	-0.21588	-0.412866
4.36	-0.215533	-0.412258
4.365	-0.215187	-0.411654
4.37	-0.214843	-0.411052
4.375	-0.214501	-0.410453
4.38	-0.21416	-0.409856
4.385	-0.213821	-0.409262
4.39	-0.213484	-0.408671
4.395	-0.213149	-0.408083
4.4	-0.212815	-0.407497
4.405	-0.212482	-0.406914
4.41	-0.212152	-0.406333
4.415	-0.211823	-0.405755
4.42	-0.211495	-0.40518
4.425	-0.211169	-0.404607
4.43	-0.210845	-0.404037
4.435	-0.210522	-0.403469
4.44	-0.210201	-0.402904
4.445	-0.209881	-0.402342
4.45	-0.209563	-0.401782
4.455	-0.209247	-0.401225
4.46	-0.208932	-0.40067
4.465	-0.208619	-0.400117
4.47	-0.208307	-0.399567
4.475	-0.207996	-0.39902
4.48	-0.207687	-0.398475
4.485	-0.20738	-0.397932
4.49	-0.207074	-0.397392
4.495	-0.20677	-0.396854
4.5	-0.206467	-0.396319
4.505	-0.206165	-0.395786
4.51	-0.205865	-0.395255
4.515	-0.205567	-0.394727
4.52	-0.205269	-0.394201
4.525	-0.204974	-0.393678
4.53	-0.204679	-0.393156
4.535	-0.204387	-0.392637
4.54	-0.204095	-0.392121
4.545	-0.203805	-0.391607
4.55	-0.203516	-0.391095
4.555	-0.203229	-0.390585
4.56	-0.202943	-0.390077
4.565	-0.202659	-0.389572
4.57	-0.202376	-0.389069
4.575	-0.202094	-0.388568
4.58	-0.201813	-0.38807
4.585	-0.201534	-0.387574
4.59	-0.201256	-0.387079
4.595	-0.20098	-0.386588
4.6	-0.200705	-0.386098
4.605	-0.200431	-0.38561
4.61	-0.200158	-0.385125
4.615	-0.199887	-0.384641
4.62	-0.199617	-0.38416
4.625	-0.199349	-0.383681
4.63	-0.199081	-0.383204
4.635	-0.198815	-0.382729
4.64	-0.198551	-0.382256
4.645	-0.198287	-0.381785
4.65	-0.198025	-0.381317
4.655	-0.197764	-0.38085
4.66	-0.197504	-0.380386
4.665	-0.197245	-0.379923
4.67	-0.196988	-0.379462
4.675	-0.196732	-0.379004
4.68	-0.196477	-0.378547
4.685	-0.196223	-0.378093
4.69	-0.195971	-0.37764
4.695	-0.195719	-0.37719
4.7	-0.195469	-0.376741
4.705	-0.19522	-0.376294
4.71	-0.194973	-0.37585
4.715	-0.194726	-0.375407
4.72	-0.19448	-0.374966
4.725	-0.194236	-0.374527
4.73	-0.193993	-0.37409
4.735	-0.193751	-0.373655
4.74	-0.19351	-0.373222
4.745	-0.193271	-0.37279
4.75	-0.193032	-0.372361
4.755	-0.192794	-0.371933
4.76	-0.192558	-0.371507
4.765	-0.192323	-0.371083
4.77	-0.192089	-0.370661
4.775	-0.191856	-0.37024
4.78	-0.191624	-0.369822
4.785	-0.191393	-0.369405
4.79	-0.191163	-0.36899
4.795	-0.190934	-0.368577
4.8	-0.190707	-0.368166
4.805	-0.19048	-0.367756
4.81	-0.190255	-0.367348
4.815	-0.19003	-0.366942
4.82	-0.189807	-0.366537
4.825	-0.189584	-0.366135
4.83	-0.189363	-0.365734
4.835	-0.189143	-0.365334
4.84	-0.188923	-0.364937
4.845	-0.188705	-0.364541
4.85	-0.188488	-0.364147
4.855	-0.188272	-0.363754
4.86	-0.188056	-0.363363
4.865	-0.187842	-0.362974
4.87	-0.187629	-0.362587
4.875	-0.187417	-0.362201
4.88	-0.187205	-0.361817
4.885	-0.186995	-0.361434
4.89	-0.186786	-0.361053
4.895	-0.186577	-0.360674
4.9	-0.18637	-0.360296
4.905	-0.186164	-0.35992
4.91	-0.185958	-0.359545
4.915	-0.185753	-0.359172
4.92	-0.18555	-0.3588
4.925	-0.185347	-0.358431
4.93	-0.185145	-0.358062
4.935	-0.184945	-0.357695
4.94	-0.184745	-0.35733
4.945	-0.184546	-0.356966
4.95	-0.184348	-0.356604
4.955	-0.184151	-0.356244
4.96	-0.183954	-0.355884
4.965	-0.183759	-0.355527
4.97	-0.183565	-0.35517
4.975	-0.183371	-0.354816
4.98	-0.183178	-0.354463
4.985	-0.182987	-0.354111
4.99	-0.182796	-0.353761
4.995	-0.182606	-0.353412
5	-0.182416	-0.353064
5.005	-0.182228	-0.352718
5.01	-0.182041	-0.352374
5.015	-0.181854	-0.352031
5.02	-0.181668	-0.351689
5.025	-0.181483	-0.351349
5.03	-0.181299	-0.35101
5.035	-0.181116	-0.350673
5.04	-0.180934	-0.350337
5.045	-0.180752	-0.350002
5.05	-0.180571	-0.349669
5.055	-0.180391	-0.349337
5.06	-0.180212	-0.349006
5.065	-0.180034	-0.348677
5.07	-0.179856	-0.348349
5.075	-0.17968	-0.348023
5.08	-0.179504	-0.347698
5.085	-0.179329	-0.347374
5.09	-0.179154	-0.347051
5.095	-0.178981	-0.34673
5.1	-0.178808	-0.34641
5.105	-0.178636	-0.346092
5.11	-0.178465	-0.345775
5.115	-0.178295	-0.345459
5.12	-0.178125	-0.345144
5.125	-0.177956	-0.344831
5.13	-0.177788	-0.344519
5.135	-0.177621	-0.344208
5.14	-0.177454	-0.343898
5.145	-0.177288	-0.34359
5.15	-0.177123	-0.343283
5.155	-0.176958	-0.342977
5.16	-0.176795	-0.342672
5.165	-0.176632	-0.342369
5.17	-0.17647	-0.342067
5.175	-0.176308	-0.341766
5.18	-0.176147	-0.341466
5.185	-0.175987	-0.341168
5.19	-0.175828	-0.340871
5.195	-0.175669	-0.340574
5.2	-0.175512	-0.34028
5.205	-0.175354	-0.339986
5.21	-0.175198	-0.339693
5.215	-0.175042	-0.339402
5.22	-0.174887	-0.339112
5.225	-0.174732	-0.338823
5.23	-0.174579	-0.338535
5.235	-0.174426	-0.338248
5.24	-0.174273	-0.337963
5.245	-0.174121	-0.337678
5.25	-0.17397	-0.337395
5.255	-0.17382	-0.337113
5.26	-0.17367	-0.336832
5.265	-0.173521	-0.336552
5.27	-0.173373	-0.336273
5.275	-0.173225	-0.335995
5.28	-0.173078	-0.335718
5.285	-0.172932	-0.335443
5.29	-0.172786	-0.335168
5.295	-0.172641	-0.334895
5.3	-0.172496	-0.334623
5.305	-0.172352	-0.334352
5.31	-0.172209	-0.334081
5.315	-0.172066	-0.333812
5.32	-0.171924	-0.333544
5.325	-0.171783	-0.333277
5.33	-0.171642	-0.333011
5.335	-0.171502	-0.332747
5.34	-0.171363	-0.332483
5.345	-0.171224	-0.33222
5.35	-0.171085	-0.331958
5.355	-0.170948	-0.331697
5.36	-0.170811	-0.331438
5.365	-0.170674	-0.331179
5.37	-0.170538	-0.330921
5.375	-0.170403	-0.330665
5.38	-0.170268	-0.330409
5.385	-0.170134	-0.330154
5.39	-0.17	-0.3299
5.395	-0.169867	-0.329648
5.4	-0.169735	-0.329396
5.405	-0.169603	-0.329145
5.41	-0.169472	-0.328895
5.415	-0.169341	-0.328646
5.42	-0.169211	-0.328399
5.425	-0.169082	-0.328152
5.43	-0.168953	-0.327906
5.435	-0.168824	-0.327661
5.44	-0.168696	-0.327417
5.445	-0.168569	-0.327173
5.45	-0.168442	-0.326931
5.455	-0.168316	-0.32669
5.46	-0.16819	-0.32645
5.465	-0.168065	-0.32621
5.47	-0.16794	-0.325972
5.475	-0.167816	-0.325734
5.48	-0.167693	-0.325497
5.485	-0.16757	-0.325262
5.49	-0.167447	-0.325027
5.495	-0.167325	-0.324793
5.5	-0.167204	-0.32456
5.505	-0.167083	-0.324327
5.51	-0.166963	-0.324096
5.515	-0.166843	-0.323865
5.52	-0.166723	-0.323636
5.525	-0.166604	-0.323407
5.53	-0.166486	-0.323179
5.535	-0.166368	-0.322952
5.54	-0.166251	-0.322726
5.545	-0.166134	-0.322501
5.55	-0.166018	-0.322276
5.555	-0.165902	-0.322053
5.56	-0.165787	-0.32183
5.565	-0.165672	-0.321608
5.57	-0.165557	-0.321387
5.575	-0.165443	-0.321167
5.58	-0.16533	-0.320947
5.585	-0.165217	-0.320729
5.59	-0.165105	-0.320511
5.595	-0.164993	-0.320294
5.6	-0.164881	-0.320078
5.605	-0.16477	-0.319863
5.61	-0.16466	-0.319648
5.615	-0.164549	-0.319434
5.62	-0.16444	-0.319221
5.625	-0.164331	-0.319009
5.63	-0.164222	-0.318798
5.635	-0.164114	-0.318587
5.64	-0.164006	-0.318377
5.645	-0.163899	-0.318168
5.65	-0.163792	-0.31796
5.655	-0.163685	-0.317753
5.66	-0.163579	-0.317546
5.665	-0.163474	-0.31734
5.67	-0.163369	-0.317135
5.675	-0.163264	-0.31693
5.68	-0.16316	-0.316727
5.685	-0.163056	-0.316524
5.69	-0.162953	-0.316322
5.695	-0.16285	-0.31612
5.7	-0.162747	-0.315919
5.705	-0.162645	-0.315719
5.71	-0.162544	-0.31552
5.715	-0.162442	-0.315322
5.72	-0.162342	-0.315124
5.725	-0.162241	-0.314927
5.73	-0.162141	-0.31473
5.735	-0.162042	-0.314535
5.74	-0.161943	-0.31434
5.745	-0.161844	-0.314146
5.75	-0.161746	-0.313952
5.755	-0.161648	-0.313759
5.76	-0.16155	-0.313567
5.765	-0.161453	-0.313376
5.77	-0.161357	-0.313185
5.775	-0.16126	-0.312995
5.78	-0.161164	-0.312805
5.785	-0.161069	-0.312617
5.79	-0.160974	-0.312429
5.795	-0.160879	-0.312241
5.8	-0.160785	-0.312055
5.805	-0.160691	-0.311869
5.81	-0.160597	-0.311683
5.815	-0.160504	-0.311499
5.82	-0.160412	-0.311315
5.825	-0.160319	-0.311131
5.83	-0.160227	-0.310949
5.835	-0.160136	-0.310767
5.84	-0.160044	-0.310585
5.845	-0.159953	-0.310405
5.85	-0.159863	-0.310224
5.855	-0.159773	-0.310045
5.86	-0.159683	-0.309866
5.865	-0.159594	-0.309688
5.87	-0.159505	-0.30951
5.875	-0.159416	-0.309334
5.88	-0.159328	-0.309157
5.885	-0.15924	-0.308982
5.89	-0.159152	-0.308807
5.895	-0.159065	-0.308632
5.9	-0.158978	-0.308458
5.905	-0.158892	-0.308285
5.91	-0.158806	-0.308112
5.915	-0.15872	-0.30794
5.92	-0.158634	-0.307769
5.925	-0.158549	-0.307598
5.93	-0.158464	-0.307428
5.935	-0.15838	-0.307258
5.94	-0.158296	-0.307089
5.945	-0.158212	-0.306921
5.95	-0.158129	-0.306753
5.955	-0.158046	-0.306586
5.96	-0.157963	-0.306419
5.965	-0.157881	-0.306253
5.97	-0.157799	-0.306088
5.975	-0.157717	-0.305923
5.98	-0.157635	-0.305758
5.985	-0.157554	-0.305594
5.99	-0.157474	-0.305431
5.995	-0.157393	-0.305268
6	-0.157313	-0.305106
0 unlabeled lines
