Graph addvar/addexpr lines
2 1201
x MYSA[30].i_pas( 0.5 ) MYSA[30].i_cap( 0.5 )
0	0	0
0.005	0	1.89404e-05
0.01	4.7351e-08	2.89536e-05
0.015	1.19735e-07	3.40418e-05
0.02	2.04839e-07	3.61838e-05
0.025	2.95299e-07	3.65866e-05
0.03	3.86765e-07	3.59911e-05
0.035	4.76743e-07	3.48493e-05
0.04	5.63866e-07	3.34352e-05
0.045	6.47454e-07	3.19121e-05
0.05	7.27235e-07	3.0376e-05
0.055	8.03174e-07	2.88808e-05
0.06	8.75376e-07	2.74555e-05
0.065	9.44015e-07	2.61138e-05
0.07	1.0093e-06	2.48602e-05
0.075	1.07145e-06	2.36944e-05
0.08	1.13069e-06	2.26128e-05
0.085	1.18722e-06	2.16105e-05
0.09	1.24124e-06	2.0682e-05
0.095	1.29295e-06	1.98217e-05
0.1	1.3425e-06	1.9024e-05
0.105	1.39006e-06	1.82836e-05
0.11	1.43577e-06	1.75958e-05
0.115	1.47976e-06	1.69559e-05
0.12	1.52215e-06	1.636e-05
0.125	1.56305e-06	1.58041e-05
0.13	1.60256e-06	1.5285e-05
0.135	1.64077e-06	1.47995e-05
0.14	1.67777e-06	1.43449e-05
0.145	1.71364e-06	1.39186e-05
0.15	1.74843e-06	1.35183e-05
0.155	1.78223e-06	1.31419e-05
0.16	1.81508e-06	1.27875e-05
0.165	1.84705e-06	1.24535e-05
0.17	1.87819e-06	1.21382e-05
0.175	1.90853e-06	1.18403e-05
0.18	1.93813e-06	1.15584e-05
0.185	1.96703e-06	1.12913e-05
0.19	1.99526e-06	1.10381e-05
0.195	2.02285e-06	1.07977e-05
0.2	2.04985e-06	1.05692e-05
0.205	2.07627e-06	1.03518e-05
0.21	2.10215e-06	1.01448e-05
0.215	2.12751e-06	9.94738e-06
0.22	2.15238e-06	9.75901e-06
0.225	2.17678e-06	9.57908e-06
0.23	2.20072e-06	9.40705e-06
0.235	2.22424e-06	9.24244e-06
0.24	2.24735e-06	9.08477e-06
0.245	2.27006e-06	8.93364e-06
0.25	2.29239e-06	8.78864e-06
0.255	2.31437e-06	8.64943e-06
0.26	2.33599e-06	8.51567e-06
0.265	2.35728e-06	8.38704e-06
0.27	2.37825e-06	8.26325e-06
0.275	2.3989e-06	8.14405e-06
0.28	2.41926e-06	8.02918e-06
0.285	2.43934e-06	7.91841e-06
0.29	2.45913e-06	7.81153e-06
0.295	2.47866e-06	7.70832e-06
0.3	2.49793e-06	7.60861e-06
0.305	2.51695e-06	7.51221e-06
0.31	2.53573e-06	7.41896e-06
0.315	2.55428e-06	7.32871e-06
0.32	2.5726e-06	7.24131e-06
0.325	2.59071e-06	7.15662e-06
0.33	2.6086e-06	7.07452e-06
0.335	2.62628e-06	6.99488e-06
0.34	2.64377e-06	6.9176e-06
0.345	2.66107e-06	6.84257e-06
0.35	2.67817e-06	6.76967e-06
0.355	2.6951e-06	6.69884e-06
0.36	2.71184e-06	6.62996e-06
0.365	2.72842e-06	6.56296e-06
0.37	2.74483e-06	6.49775e-06
0.375	2.76107e-06	6.43427e-06
0.38	2.77716e-06	6.37245e-06
0.385	2.79309e-06	6.3122e-06
0.39	2.80887e-06	6.25348e-06
0.395	2.8245e-06	6.19621e-06
0.4	2.83999e-06	6.14034e-06
0.405	2.85534e-06	6.08582e-06
0.41	2.87056e-06	6.0326e-06
0.415	2.88564e-06	5.98062e-06
0.42	2.90059e-06	5.92985e-06
0.425	2.91541e-06	5.88022e-06
0.43	2.93012e-06	5.83171e-06
0.435	2.94469e-06	5.78427e-06
0.44	2.95916e-06	5.73787e-06
0.445	2.9735e-06	5.69246e-06
0.45	2.98773e-06	5.64801e-06
0.455	3.00185e-06	5.60449e-06
0.46	3.01586e-06	5.56187e-06
0.465	3.02977e-06	5.52012e-06
0.47	3.04357e-06	5.4792e-06
0.475	3.05727e-06	5.4391e-06
0.48	3.07086e-06	5.39978e-06
0.485	3.08436e-06	5.36121e-06
0.49	3.09777e-06	5.32338e-06
0.495	3.11107e-06	5.28626e-06
0.5	3.12429e-06	5.24983e-06
0.505	3.13741e-06	5.21407e-06
0.51	3.15045e-06	5.17895e-06
0.515	3.1634e-06	5.14447e-06
0.52	3.17626e-06	5.11059e-06
0.525	3.18903e-06	5.0773e-06
0.53	3.20173e-06	5.04458e-06
0.535	3.21434e-06	5.01243e-06
0.54	3.22687e-06	4.98081e-06
0.545	3.23932e-06	4.94972e-06
0.55	3.2517e-06	4.91914e-06
0.555	3.26399e-06	4.88906e-06
0.56	3.27622e-06	4.85946e-06
0.565	3.28837e-06	4.83033e-06
0.57	3.30044e-06	4.80166e-06
0.575	3.31245e-06	4.77343e-06
0.58	3.32438e-06	4.74564e-06
0.585	3.33624e-06	4.71828e-06
0.59	3.34804e-06	4.69132e-06
0.595	3.35977e-06	4.66476e-06
0.6	3.37143e-06	4.6386e-06
0.605	3.38303e-06	4.61282e-06
0.61	3.39456e-06	4.58741e-06
0.615	3.40603e-06	4.56236e-06
0.62	3.41743e-06	4.53767e-06
0.625	3.42878e-06	4.51332e-06
0.63	3.44006e-06	4.48931e-06
0.635	3.45128e-06	4.46563e-06
0.64	3.46245e-06	4.44227e-06
0.645	3.47355e-06	4.41923e-06
0.65	3.4846e-06	4.3965e-06
0.655	3.49559e-06	4.37406e-06
0.66	3.50653e-06	4.35192e-06
0.665	3.51741e-06	4.33007e-06
0.67	3.52823e-06	4.3085e-06
0.675	3.539e-06	4.2872e-06
0.68	3.54972e-06	4.26617e-06
0.685	3.56039e-06	4.24541e-06
0.69	3.571e-06	4.2249e-06
0.695	3.58156e-06	4.20465e-06
0.7	3.59207e-06	4.18464e-06
0.705	3.60254e-06	4.16488e-06
0.71	3.61295e-06	4.14535e-06
0.715	3.62331e-06	4.12606e-06
0.72	3.63363e-06	4.10699e-06
0.725	3.64389e-06	4.08815e-06
0.73	3.65411e-06	4.06952e-06
0.735	3.66429e-06	4.05111e-06
0.74	3.67442e-06	4.03291e-06
0.745	3.6845e-06	4.01492e-06
0.75	3.69454e-06	3.99713e-06
0.755	3.70453e-06	3.97954e-06
0.76	3.71448e-06	3.96214e-06
0.765	3.72438e-06	3.94494e-06
0.77	3.73424e-06	3.92792e-06
0.775	3.74406e-06	3.91109e-06
0.78	3.75384e-06	3.89444e-06
0.785	3.76358e-06	3.87797e-06
0.79	3.77327e-06	3.86167e-06
0.795	3.78293e-06	3.84554e-06
0.8	3.79254e-06	3.82959e-06
0.805	3.80212e-06	3.81379e-06
0.81	3.81165e-06	3.79817e-06
0.815	3.82115e-06	3.7827e-06
0.82	3.8306e-06	3.76739e-06
0.825	3.84002e-06	3.75223e-06
0.83	3.8494e-06	3.73723e-06
0.835	3.85874e-06	3.72237e-06
0.84	3.86805e-06	3.70767e-06
0.845	3.87732e-06	3.6931e-06
0.85	3.88655e-06	3.67868e-06
0.855	3.89575e-06	3.6644e-06
0.86	3.90491e-06	3.65026e-06
0.865	3.91404e-06	3.63626e-06
0.87	3.92313e-06	3.62239e-06
0.875	3.93218e-06	3.60864e-06
0.88	3.9412e-06	3.59503e-06
0.885	3.95019e-06	3.58155e-06
0.89	3.95915e-06	3.56819e-06
0.895	3.96807e-06	3.55496e-06
0.9	3.97695e-06	3.54184e-06
0.905	3.98581e-06	3.52885e-06
0.91	3.99463e-06	3.51597e-06
0.915	4.00342e-06	3.50322e-06
0.92	4.01218e-06	3.49057e-06
0.925	4.0209e-06	3.47804e-06
0.93	4.0296e-06	3.46562e-06
0.935	4.03826e-06	3.45331e-06
0.94	4.0469e-06	3.44111e-06
0.945	4.0555e-06	3.42901e-06
0.95	4.06407e-06	3.41702e-06
0.955	4.07261e-06	3.40513e-06
0.96	4.08113e-06	3.39335e-06
0.965	4.08961e-06	3.38166e-06
0.97	4.09806e-06	3.37008e-06
0.975	4.10649e-06	3.35859e-06
0.98	4.11489e-06	3.3472e-06
0.985	4.12325e-06	3.3359e-06
0.99	4.13159e-06	3.3247e-06
0.995	4.13991e-06	3.31359e-06
1	4.14819e-06	3.30257e-06
1.005	4.15645e-06	3.29191e-06
1.01	4.16468e-06	3.28311e-06
1.015	4.17288e-06	3.28052e-06
1.02	4.18109e-06	3.29288e-06
1.025	4.18932e-06	3.33384e-06
1.03	4.19765e-06	3.42125e-06
1.035	4.20621e-06	3.57556e-06
1.04	4.21514e-06	3.81817e-06
1.045	4.22469e-06	4.17044e-06
1.05	4.23512e-06	4.65365e-06
1.055	4.24675e-06	5.28976e-06
1.06	4.25997e-06	6.10244e-06
1.065	4.27523e-06	7.11828e-06
1.07	4.29303e-06	8.3684e-06
1.075	4.31395e-06	9.89031e-06
1.08	4.33867e-06	1.17296e-05
1.085	4.368e-06	1.39414e-05
1.09	4.40285e-06	1.65914e-05
1.095	4.44433e-06	1.97595e-05
1.1	4.49373e-06	2.35435e-05
1.105	4.55259e-06	2.80613e-05
1.11	4.62274e-06	3.34525e-05
1.115	4.70637e-06	3.98829e-05
1.12	4.80608e-06	4.75549e-05
1.125	4.92496e-06	5.67161e-05
1.13	5.06676e-06	6.76592e-05
1.135	5.2359e-06	8.07247e-05
1.14	5.43772e-06	9.63214e-05
1.145	5.67852e-06	0.000114959
1.15	5.96592e-06	0.000137255
1.155	6.30905e-06	0.000163916
1.16	6.71884e-06	0.000195759
1.165	7.20824e-06	0.000233803
1.17	7.79275e-06	0.000279345
1.175	8.49111e-06	0.000333898
1.18	9.32586e-06	0.000399114
1.185	1.03236e-05	0.000476957
1.19	1.1516e-05	0.000570064
1.195	1.29412e-05	0.000681757
1.2	1.46456e-05	0.000815571
1.205	1.66845e-05	0.000975216
1.21	1.91226e-05	0.00116565
1.215	2.20367e-05	0.00139405
1.22	2.55218e-05	0.00166864
1.225	2.96934e-05	0.00199687
1.23	3.46856e-05	0.00238705
1.235	4.06532e-05	0.00285314
1.24	4.7786e-05	0.00341517
1.245	5.6324e-05	0.00409112
1.25	6.65518e-05	0.00489387
1.255	7.87864e-05	0.00584476
1.26	9.33984e-05	0.00698853
1.265	0.00011087	0.00837778
1.27	0.000131814	0.0100387
1.275	0.000156911	0.0119882
1.28	0.000186881	0.0143019
1.285	0.000222636	0.0171297
1.29	0.00026546	0.0205763
1.295	0.000316901	0.0246195
1.3	0.00037845	0.0293026
1.305	0.000451706	0.0349589
1.31	0.000539104	0.0420415
1.315	0.000644207	0.0505529
1.32	0.000770589	0.0601705
1.325	0.000921016	0.0713033
1.33	0.00109927	0.0853795
1.335	0.00131272	0.103315
1.34	0.00157101	0.123718
1.345	0.0018803	0.145583
1.35	0.00224426	0.172019
1.355	0.00267431	0.207969
1.36	0.00319423	0.252346
1.365	0.00382509	0.296236
1.37	0.00456568	0.34053
1.375	0.00541701	0.400704
1.38	0.00641877	0.484389
1.385	0.00762974	0.560035
1.39	0.00902983	0.574785
1.395	0.0104668	0.532061
1.4	0.0117969	0.471199
1.405	0.0129749	0.416397
1.41	0.0140159	0.370421
1.415	0.014942	0.325765
1.42	0.0157564	0.280006
1.425	0.0164564	0.236483
1.43	0.0170476	0.198307
1.435	0.0175434	0.165782
1.44	0.0179578	0.13727
1.445	0.018301	0.111566
1.45	0.0185799	0.0884997
1.455	0.0188012	0.0682261
1.46	0.0189718	0.0506022
1.465	0.0190983	0.0351522
1.47	0.0191861	0.0214217
1.475	0.0192397	0.00915643
1.48	0.0192626	-0.00176693
1.485	0.0192582	-0.0114708
1.49	0.0192295	-0.020121
1.495	0.0191792	-0.0278818
1.5	0.0191095	-0.0348742
1.505	0.0190223	-0.0411776
1.51	0.0189194	-0.046855
1.515	0.0188022	-0.0519696
1.52	0.0186723	-0.0565815
1.525	0.0185308	-0.0607401
1.53	0.018379	-0.0644826
1.535	0.0182178	-0.0678386
1.54	0.0180482	-0.0708349
1.545	0.0178711	-0.0734963
1.55	0.0176874	-0.0758451
1.555	0.0174977	-0.0779003
1.56	0.017303	-0.0796783
1.565	0.0171038	-0.0811945
1.57	0.0169008	-0.0824635
1.575	0.0166947	-0.0834995
1.58	0.0164859	-0.084316
1.585	0.0162751	-0.0849259
1.59	0.0160628	-0.0853417
1.595	0.0158494	-0.0855758
1.6	0.0156355	-0.0856405
1.605	0.0154214	-0.0855478
1.61	0.0152075	-0.0853094
1.615	0.0149943	-0.0849368
1.62	0.0147819	-0.0844412
1.625	0.0145708	-0.0838335
1.63	0.0143612	-0.0831242
1.635	0.0141534	-0.0823233
1.64	0.0139476	-0.0814404
1.645	0.013744	-0.0804847
1.65	0.0135428	-0.0794647
1.655	0.0133441	-0.0783886
1.66	0.0131482	-0.0772638
1.665	0.012955	-0.0760974
1.67	0.0127648	-0.0748957
1.675	0.0125775	-0.0736648
1.68	0.0123934	-0.0724101
1.685	0.0122123	-0.0711366
1.69	0.0120345	-0.0698487
1.695	0.0118599	-0.0685507
1.7	0.0116885	-0.0672463
1.705	0.0115204	-0.0659388
1.71	0.0113555	-0.0646314
1.715	0.011194	-0.0633268
1.72	0.0110356	-0.0620276
1.725	0.0108806	-0.060736
1.73	0.0107287	-0.0594542
1.735	0.0105801	-0.058184
1.74	0.0104346	-0.0569272
1.745	0.0102923	-0.0556852
1.75	0.0101531	-0.0544597
1.755	0.010017	-0.0532517
1.76	0.00988382	-0.0520624
1.765	0.00975367	-0.0508929
1.77	0.00962644	-0.0497441
1.775	0.00950207	-0.0486167
1.78	0.00938053	-0.0475115
1.785	0.00926175	-0.046429
1.79	0.00914568	-0.0453697
1.795	0.00903226	-0.044334
1.8	0.00892142	-0.0433221
1.805	0.00881312	-0.0423343
1.81	0.00870728	-0.0413707
1.815	0.00860386	-0.0404312
1.82	0.00850278	-0.0395159
1.825	0.00840399	-0.0386246
1.83	0.00830743	-0.0377571
1.835	0.00821303	-0.0369132
1.84	0.00812075	-0.0360925
1.845	0.00803052	-0.0352947
1.85	0.00794228	-0.0345194
1.855	0.00785598	-0.033766
1.86	0.00777157	-0.0330343
1.865	0.00768898	-0.0323235
1.87	0.00760817	-0.0316333
1.875	0.00752909	-0.030963
1.88	0.00745168	-0.0303121
1.885	0.0073759	-0.02968
1.89	0.0073017	-0.0290661
1.895	0.00722904	-0.0284699
1.9	0.00715786	-0.0278907
1.905	0.00708814	-0.0273281
1.91	0.00701982	-0.0267814
1.915	0.00695286	-0.0262501
1.92	0.00688724	-0.0257337
1.925	0.0068229	-0.0252315
1.93	0.00675982	-0.0247432
1.935	0.00669797	-0.0242681
1.94	0.0066373	-0.0238059
1.945	0.00657778	-0.023356
1.95	0.00651939	-0.022918
1.955	0.0064621	-0.0224914
1.96	0.00640587	-0.022076
1.965	0.00635068	-0.0216712
1.97	0.0062965	-0.0212766
1.975	0.00624331	-0.020892
1.98	0.00619108	-0.0205169
1.985	0.00613979	-0.0201511
1.99	0.00608941	-0.0197942
1.995	0.00603992	-0.0194459
2	0.00599131	-0.0191059
2.005	0.00594354	-0.018774
2.01	0.00589661	-0.0184499
2.015	0.00585048	-0.0181333
2.02	0.00580515	-0.0178241
2.025	0.00576059	-0.0175219
2.03	0.00571679	-0.0172266
2.035	0.00567372	-0.016938
2.04	0.00563137	-0.0166559
2.045	0.00558973	-0.01638
2.05	0.00554878	-0.0161103
2.055	0.00550851	-0.0158464
2.06	0.00546889	-0.0155884
2.065	0.00542992	-0.015336
2.07	0.00539158	-0.0150891
2.075	0.00535386	-0.0148474
2.08	0.00531674	-0.014611
2.085	0.00528021	-0.0143796
2.09	0.00524426	-0.0141532
2.095	0.00520888	-0.0139315
2.1	0.00517405	-0.0137146
2.105	0.00513977	-0.0135021
2.11	0.00510601	-0.0132942
2.115	0.00507278	-0.0130906
2.12	0.00504005	-0.0128913
2.125	0.00500782	-0.0126961
2.13	0.00497608	-0.0125049
2.135	0.00494482	-0.0123177
2.14	0.00491402	-0.0121343
2.145	0.00488369	-0.0119548
2.15	0.0048538	-0.0117789
2.155	0.00482435	-0.0116066
2.16	0.00479534	-0.0114378
2.165	0.00476674	-0.0112724
2.17	0.00473856	-0.0111104
2.175	0.00471079	-0.0109517
2.18	0.00468341	-0.0107962
2.185	0.00465642	-0.0106438
2.19	0.00462981	-0.0104944
2.195	0.00460357	-0.0103481
2.2	0.0045777	-0.0102047
2.205	0.00455219	-0.0100641
2.21	0.00452703	-0.00992633
2.215	0.00450221	-0.00979128
2.22	0.00447774	-0.0096589
2.225	0.00445359	-0.00952913
2.23	0.00442977	-0.0094019
2.235	0.00440626	-0.00927717
2.24	0.00438307	-0.00915486
2.245	0.00436018	-0.00903494
2.25	0.00433759	-0.00891734
2.255	0.0043153	-0.00880201
2.26	0.00429329	-0.0086889
2.265	0.00427157	-0.00857796
2.27	0.00425013	-0.00846915
2.275	0.00422895	-0.00836241
2.28	0.00420805	-0.00825769
2.285	0.0041874	-0.00815496
2.29	0.00416702	-0.00805416
2.295	0.00414688	-0.00795525
2.3	0.00412699	-0.0078582
2.305	0.00410735	-0.00776295
2.31	0.00408794	-0.00766947
2.315	0.00406877	-0.00757772
2.32	0.00404982	-0.00748766
2.325	0.0040311	-0.00739925
2.33	0.00401261	-0.00731246
2.335	0.00399432	-0.00722724
2.34	0.00397626	-0.00714357
2.345	0.0039584	-0.0070614
2.35	0.00394074	-0.00698071
2.355	0.00392329	-0.00690146
2.36	0.00390604	-0.00682362
2.365	0.00388898	-0.00674716
2.37	0.00387211	-0.00667205
2.375	0.00385543	-0.00659825
2.38	0.00383894	-0.00652575
2.385	0.00382262	-0.0064545
2.39	0.00380648	-0.00638449
2.395	0.00379052	-0.00631569
2.4	0.00377473	-0.00624806
2.405	0.00375911	-0.00618159
2.41	0.00374366	-0.00611624
2.415	0.00372837	-0.00605201
2.42	0.00371324	-0.00598885
2.425	0.00369827	-0.00592674
2.43	0.00368345	-0.00586568
2.435	0.00366879	-0.00580562
2.44	0.00365427	-0.00574655
2.445	0.00363991	-0.00568846
2.45	0.00362568	-0.00563131
2.455	0.00361161	-0.00557509
2.46	0.00359767	-0.00551978
2.465	0.00358387	-0.00546535
2.47	0.00357021	-0.0054118
2.475	0.00355668	-0.0053591
2.48	0.00354328	-0.00530724
2.485	0.00353001	-0.00525619
2.49	0.00351687	-0.00520594
2.495	0.00350386	-0.00515648
2.5	0.00349096	-0.00510778
2.505	0.00347819	-0.00505984
2.51	0.00346555	-0.00501263
2.515	0.00345301	-0.00496614
2.52	0.0034406	-0.00492036
2.525	0.0034283	-0.00487528
2.53	0.00341611	-0.00483087
2.535	0.00340403	-0.00478712
2.54	0.00339206	-0.00474403
2.545	0.0033802	-0.00470158
2.55	0.00336845	-0.00465975
2.555	0.0033568	-0.00461853
2.56	0.00334525	-0.00457792
2.565	0.00333381	-0.0045379
2.57	0.00332246	-0.00449845
2.575	0.00331122	-0.00445957
2.58	0.00330007	-0.00442125
2.585	0.00328902	-0.00438347
2.59	0.00327806	-0.00434623
2.595	0.00326719	-0.00430951
2.6	0.00325642	-0.00427331
2.605	0.00324574	-0.00423761
2.61	0.00323514	-0.00420241
2.615	0.00322464	-0.00416769
2.62	0.00321422	-0.00413345
2.625	0.00320388	-0.00409968
2.63	0.00319363	-0.00406637
2.635	0.00318347	-0.00403351
2.64	0.00317338	-0.00400109
2.645	0.00316338	-0.0039691
2.65	0.00315346	-0.00393755
2.655	0.00314361	-0.00390641
2.66	0.00313385	-0.00387568
2.665	0.00312416	-0.00384536
2.67	0.00311455	-0.00381543
2.675	0.00310501	-0.0037859
2.68	0.00309554	-0.00375674
2.685	0.00308615	-0.00372796
2.69	0.00307683	-0.00369956
2.695	0.00306758	-0.00367151
2.7	0.0030584	-0.00364382
2.705	0.00304929	-0.00361648
2.71	0.00304025	-0.00358949
2.715	0.00303128	-0.00356284
2.72	0.00302237	-0.00353651
2.725	0.00301353	-0.00351052
2.73	0.00300475	-0.00348484
2.735	0.00299604	-0.00345949
2.74	0.00298739	-0.00343444
2.745	0.00297881	-0.0034097
2.75	0.00297028	-0.00338526
2.755	0.00296182	-0.00336111
2.76	0.00295342	-0.00333726
2.765	0.00294507	-0.00331369
2.77	0.00293679	-0.0032904
2.775	0.00292856	-0.00326739
2.78	0.00292039	-0.00324466
2.785	0.00291228	-0.00322219
2.79	0.00290423	-0.00319998
2.795	0.00289623	-0.00317803
2.8	0.00288828	-0.00315634
2.805	0.00288039	-0.0031349
2.81	0.00287255	-0.0031137
2.815	0.00286477	-0.00309275
2.82	0.00285704	-0.00307204
2.825	0.00284936	-0.00305157
2.83	0.00284173	-0.00303133
2.835	0.00283415	-0.00301131
2.84	0.00282662	-0.00299152
2.845	0.00281914	-0.00297195
2.85	0.00281171	-0.0029526
2.855	0.00280433	-0.00293347
2.86	0.002797	-0.00291454
2.865	0.00278971	-0.00289583
2.87	0.00278247	-0.00287732
2.875	0.00277528	-0.00285901
2.88	0.00276813	-0.00284091
2.885	0.00276103	-0.00282299
2.89	0.00275397	-0.00280528
2.895	0.00274696	-0.00278775
2.9	0.00273999	-0.00277041
2.905	0.00273306	-0.00275325
2.91	0.00272618	-0.00273628
2.915	0.00271934	-0.00271949
2.92	0.00271254	-0.00270287
2.925	0.00270578	-0.00268643
2.93	0.00269907	-0.00267016
2.935	0.00269239	-0.00265406
2.94	0.00268576	-0.00263813
2.945	0.00267916	-0.00262236
2.95	0.00267261	-0.00260676
2.955	0.00266609	-0.00259132
2.96	0.00265961	-0.00257603
2.965	0.00265317	-0.0025609
2.97	0.00264677	-0.00254592
2.975	0.0026404	-0.0025311
2.98	0.00263408	-0.00251642
2.985	0.00262779	-0.00250189
2.99	0.00262153	-0.00248751
2.995	0.00261531	-0.00247327
3	0.00260913	-0.00245917
3.005	0.00260298	-0.00244522
3.01	0.00259687	-0.00243139
3.015	0.00259079	-0.00241771
3.02	0.00258474	-0.00240416
3.025	0.00257873	-0.00239074
3.03	0.00257276	-0.00237745
3.035	0.00256681	-0.00236429
3.04	0.0025609	-0.00235126
3.045	0.00255502	-0.00233836
3.05	0.00254918	-0.00232557
3.055	0.00254336	-0.00231291
3.06	0.00253758	-0.00230037
3.065	0.00253183	-0.00228795
3.07	0.00252611	-0.00227565
3.075	0.00252042	-0.00226346
3.08	0.00251476	-0.00225139
3.085	0.00250914	-0.00223943
3.09	0.00250354	-0.00222758
3.095	0.00249797	-0.00221584
3.1	0.00249243	-0.00220421
3.105	0.00248692	-0.00219269
3.11	0.00248144	-0.00218128
3.115	0.00247598	-0.00216996
3.12	0.00247056	-0.00215876
3.125	0.00246516	-0.00214765
3.13	0.00245979	-0.00213665
3.135	0.00245445	-0.00212574
3.14	0.00244914	-0.00211493
3.145	0.00244385	-0.00210423
3.15	0.00243859	-0.00209361
3.155	0.00243335	-0.00208309
3.16	0.00242815	-0.00207267
3.165	0.00242296	-0.00206233
3.17	0.00241781	-0.00205209
3.175	0.00241268	-0.00204194
3.18	0.00240757	-0.00203188
3.185	0.00240249	-0.00202191
3.19	0.00239744	-0.00201202
3.195	0.00239241	-0.00200222
3.2	0.0023874	-0.0019925
3.205	0.00238242	-0.00198287
3.21	0.00237747	-0.00197332
3.215	0.00237253	-0.00196386
3.22	0.00236762	-0.00195447
3.225	0.00236274	-0.00194517
3.23	0.00235787	-0.00193594
3.235	0.00235303	-0.00192679
3.24	0.00234822	-0.00191772
3.245	0.00234342	-0.00190873
3.25	0.00233865	-0.00189981
3.255	0.0023339	-0.00189096
3.26	0.00232917	-0.00188219
3.265	0.00232447	-0.0018735
3.27	0.00231978	-0.00186487
3.275	0.00231512	-0.00185632
3.28	0.00231048	-0.00184784
3.285	0.00230586	-0.00183942
3.29	0.00230126	-0.00183108
3.295	0.00229669	-0.0018228
3.3	0.00229213	-0.00181459
3.305	0.00228759	-0.00180645
3.31	0.00228308	-0.00179837
3.315	0.00227858	-0.00179036
3.32	0.0022741	-0.00178241
3.325	0.00226965	-0.00177453
3.33	0.00226521	-0.00176671
3.335	0.00226079	-0.00175895
3.34	0.0022564	-0.00175125
3.345	0.00225202	-0.00174362
3.35	0.00224766	-0.00173604
3.355	0.00224332	-0.00172853
3.36	0.002239	-0.00172107
3.365	0.0022347	-0.00171367
3.37	0.00223041	-0.00170633
3.375	0.00222615	-0.00169905
3.38	0.0022219	-0.00169182
3.385	0.00221767	-0.00168465
3.39	0.00221346	-0.00167753
3.395	0.00220926	-0.00167047
3.4	0.00220509	-0.00166346
3.405	0.00220093	-0.00165651
3.41	0.00219679	-0.00164961
3.415	0.00219266	-0.00164276
3.42	0.00218856	-0.00163596
3.425	0.00218447	-0.00162922
3.43	0.00218039	-0.00162252
3.435	0.00217634	-0.00161587
3.44	0.0021723	-0.00160928
3.445	0.00216827	-0.00160273
3.45	0.00216427	-0.00159623
3.455	0.00216028	-0.00158979
3.46	0.0021563	-0.00158338
3.465	0.00215234	-0.00157703
3.47	0.0021484	-0.00157072
3.475	0.00214447	-0.00156446
3.48	0.00214056	-0.00155824
3.485	0.00213667	-0.00155207
3.49	0.00213279	-0.00154594
3.495	0.00212892	-0.00153986
3.5	0.00212507	-0.00153382
3.505	0.00212124	-0.00152783
3.51	0.00211742	-0.00152187
3.515	0.00211361	-0.00151596
3.52	0.00210982	-0.0015101
3.525	0.00210605	-0.00150427
3.53	0.00210229	-0.00149849
3.535	0.00209854	-0.00149274
3.54	0.00209481	-0.00148704
3.545	0.00209109	-0.00148137
3.55	0.00208739	-0.00147575
3.555	0.0020837	-0.00147017
3.56	0.00208002	-0.00146462
3.565	0.00207636	-0.00145911
3.57	0.00207272	-0.00145364
3.575	0.00206908	-0.00144821
3.58	0.00206546	-0.00144282
3.585	0.00206185	-0.00143746
3.59	0.00205826	-0.00143214
3.595	0.00205468	-0.00142685
3.6	0.00205111	-0.00142161
3.605	0.00204756	-0.00141639
3.61	0.00204402	-0.00141121
3.615	0.00204049	-0.00140607
3.62	0.00203697	-0.00140096
3.625	0.00203347	-0.00139589
3.63	0.00202998	-0.00139085
3.635	0.00202651	-0.00138584
3.64	0.00202304	-0.00138087
3.645	0.00201959	-0.00137593
3.65	0.00201615	-0.00137102
3.655	0.00201272	-0.00136614
3.66	0.00200931	-0.0013613
3.665	0.0020059	-0.00135649
3.67	0.00200251	-0.0013517
3.675	0.00199913	-0.00134695
3.68	0.00199576	-0.00134224
3.685	0.00199241	-0.00133755
3.69	0.00198906	-0.00133289
3.695	0.00198573	-0.00132826
3.7	0.00198241	-0.00132366
3.705	0.0019791	-0.00131909
3.71	0.00197581	-0.00131455
3.715	0.00197252	-0.00131004
3.72	0.00196924	-0.00130556
3.725	0.00196598	-0.0013011
3.73	0.00196273	-0.00129668
3.735	0.00195949	-0.00129228
3.74	0.00195625	-0.00128791
3.745	0.00195304	-0.00128356
3.75	0.00194983	-0.00127925
3.755	0.00194663	-0.00127496
3.76	0.00194344	-0.00127069
3.765	0.00194026	-0.00126646
3.77	0.0019371	-0.00126224
3.775	0.00193394	-0.00125806
3.78	0.0019308	-0.0012539
3.785	0.00192766	-0.00124977
3.79	0.00192454	-0.00124566
3.795	0.00192142	-0.00124157
3.8	0.00191832	-0.00123751
3.805	0.00191523	-0.00123348
3.81	0.00191214	-0.00122947
3.815	0.00190907	-0.00122548
3.82	0.001906	-0.00122152
3.825	0.00190295	-0.00121758
3.83	0.00189991	-0.00121366
3.835	0.00189687	-0.00120977
3.84	0.00189385	-0.0012059
3.845	0.00189083	-0.00120206
3.85	0.00188783	-0.00119823
3.855	0.00188483	-0.00119443
3.86	0.00188185	-0.00119065
3.865	0.00187887	-0.0011869
3.87	0.0018759	-0.00118316
3.875	0.00187295	-0.00117945
3.88	0.00187	-0.00117576
3.885	0.00186706	-0.00117209
3.89	0.00186413	-0.00116844
3.895	0.00186121	-0.00116481
3.9	0.00185829	-0.0011612
3.905	0.00185539	-0.00115761
3.91	0.0018525	-0.00115405
3.915	0.00184961	-0.0011505
3.92	0.00184674	-0.00114697
3.925	0.00184387	-0.00114347
3.93	0.00184101	-0.00113998
3.935	0.00183816	-0.00113651
3.94	0.00183532	-0.00113307
3.945	0.00183249	-0.00112964
3.95	0.00182966	-0.00112623
3.955	0.00182685	-0.00112284
3.96	0.00182404	-0.00111947
3.965	0.00182124	-0.00111612
3.97	0.00181845	-0.00111278
3.975	0.00181567	-0.00110947
3.98	0.00181289	-0.00110617
3.985	0.00181013	-0.00110289
3.99	0.00180737	-0.00109963
3.995	0.00180462	-0.00109638
4	0.00180188	-0.00109316
4.005	0.00179915	-0.00108995
4.01	0.00179642	-0.00108676
4.015	0.00179371	-0.00108358
4.02	0.001791	-0.00108042
4.025	0.0017883	-0.00107728
4.03	0.0017856	-0.00107416
4.035	0.00178292	-0.00107105
4.04	0.00178024	-0.00106796
4.045	0.00177757	-0.00106489
4.05	0.00177491	-0.00106183
4.055	0.00177225	-0.00105879
4.06	0.00176961	-0.00105576
4.065	0.00176697	-0.00105275
4.07	0.00176434	-0.00104976
4.075	0.00176171	-0.00104678
4.08	0.00175909	-0.00104382
4.085	0.00175648	-0.00104087
4.09	0.00175388	-0.00103794
4.095	0.00175129	-0.00103502
4.1	0.0017487	-0.00103212
4.105	0.00174612	-0.00102923
4.11	0.00174355	-0.00102636
4.115	0.00174098	-0.0010235
4.12	0.00173842	-0.00102066
4.125	0.00173587	-0.00101783
4.13	0.00173333	-0.00101501
4.135	0.00173079	-0.00101221
4.14	0.00172826	-0.00100943
4.145	0.00172573	-0.00100666
4.15	0.00172322	-0.0010039
4.155	0.00172071	-0.00100115
4.16	0.0017182	-0.000998423
4.165	0.00171571	-0.000995706
4.17	0.00171322	-0.000993003
4.175	0.00171074	-0.000990313
4.18	0.00170826	-0.000987636
4.185	0.00170579	-0.000984973
4.19	0.00170333	-0.000982322
4.195	0.00170087	-0.000979685
4.2	0.00169842	-0.000977061
4.205	0.00169598	-0.000974449
4.21	0.00169355	-0.00097185
4.215	0.00169112	-0.000969264
4.22	0.00168869	-0.00096669
4.225	0.00168628	-0.000964129
4.23	0.00168387	-0.00096158
4.235	0.00168146	-0.000959044
4.24	0.00167906	-0.000956519
4.245	0.00167667	-0.000954007
4.25	0.00167429	-0.000951507
4.255	0.00167191	-0.000949018
4.26	0.00166954	-0.000946542
4.265	0.00166717	-0.000944077
4.27	0.00166481	-0.000941624
4.275	0.00166246	-0.000939183
4.28	0.00166011	-0.000936753
4.285	0.00165777	-0.000934334
4.29	0.00165543	-0.000931927
4.295	0.0016531	-0.000929531
4.3	0.00165078	-0.000927146
4.305	0.00164846	-0.000924773
4.31	0.00164615	-0.00092241
4.315	0.00164384	-0.000920059
4.32	0.00164154	-0.000917718
4.325	0.00163925	-0.000915388
4.33	0.00163696	-0.000913069
4.335	0.00163468	-0.00091076
4.34	0.0016324	-0.000908462
4.345	0.00163013	-0.000906174
4.35	0.00162786	-0.000903897
4.355	0.0016256	-0.000901631
4.36	0.00162335	-0.000899374
4.365	0.0016211	-0.000897128
4.37	0.00161886	-0.000894892
4.375	0.00161662	-0.000892666
4.38	0.00161439	-0.00089045
4.385	0.00161216	-0.000888244
4.39	0.00160994	-0.000886048
4.395	0.00160773	-0.000883862
4.4	0.00160552	-0.000881685
4.405	0.00160331	-0.000879518
4.41	0.00160111	-0.000877361
4.415	0.00159892	-0.000875213
4.42	0.00159673	-0.000873075
4.425	0.00159455	-0.000870946
4.43	0.00159237	-0.000868827
4.435	0.0015902	-0.000866717
4.44	0.00158803	-0.000864616
4.445	0.00158587	-0.000862524
4.45	0.00158372	-0.000860441
4.455	0.00158156	-0.000858368
4.46	0.00157942	-0.000856303
4.465	0.00157728	-0.000854248
4.47	0.00157514	-0.000852201
4.475	0.00157301	-0.000850163
4.48	0.00157089	-0.000848134
4.485	0.00156877	-0.000846114
4.49	0.00156665	-0.000844102
4.495	0.00156454	-0.000842099
4.5	0.00156244	-0.000840104
4.505	0.00156033	-0.000838118
4.51	0.00155824	-0.00083614
4.515	0.00155615	-0.000834171
4.52	0.00155406	-0.00083221
4.525	0.00155198	-0.000830257
4.53	0.00154991	-0.000828313
4.535	0.00154784	-0.000826376
4.54	0.00154577	-0.000824448
4.545	0.00154371	-0.000822528
4.55	0.00154165	-0.000820616
4.555	0.0015396	-0.000818712
4.56	0.00153756	-0.000816815
4.565	0.00153551	-0.000814927
4.57	0.00153348	-0.000813047
4.575	0.00153144	-0.000811174
4.58	0.00152942	-0.000809309
4.585	0.00152739	-0.000807451
4.59	0.00152537	-0.000805601
4.595	0.00152336	-0.000803759
4.6	0.00152135	-0.000801925
4.605	0.00151935	-0.000800097
4.61	0.00151734	-0.000798278
4.615	0.00151535	-0.000796465
4.62	0.00151336	-0.00079466
4.625	0.00151137	-0.000792863
4.63	0.00150939	-0.000791072
4.635	0.00150741	-0.000789289
4.64	0.00150544	-0.000787513
4.645	0.00150347	-0.000785744
4.65	0.00150151	-0.000783982
4.655	0.00149955	-0.000782228
4.66	0.00149759	-0.00078048
4.665	0.00149564	-0.000778739
4.67	0.00149369	-0.000777005
4.675	0.00149175	-0.000775278
4.68	0.00148981	-0.000773558
4.685	0.00148788	-0.000771844
4.69	0.00148595	-0.000770138
4.695	0.00148402	-0.000768438
4.7	0.0014821	-0.000766745
4.705	0.00148018	-0.000765058
4.71	0.00147827	-0.000763378
4.715	0.00147636	-0.000761705
4.72	0.00147446	-0.000760038
4.725	0.00147256	-0.000758377
4.73	0.00147066	-0.000756723
4.735	0.00146877	-0.000755076
4.74	0.00146688	-0.000753434
4.745	0.001465	-0.000751799
4.75	0.00146312	-0.000750171
4.755	0.00146124	-0.000748549
4.76	0.00145937	-0.000746932
4.765	0.00145751	-0.000745323
4.77	0.00145564	-0.000743719
4.775	0.00145378	-0.000742121
4.78	0.00145193	-0.00074053
4.785	0.00145008	-0.000738944
4.79	0.00144823	-0.000737365
4.795	0.00144639	-0.000735791
4.8	0.00144455	-0.000734223
4.805	0.00144271	-0.000732662
4.81	0.00144088	-0.000731106
4.815	0.00143905	-0.000729556
4.82	0.00143723	-0.000728012
4.825	0.00143541	-0.000726474
4.83	0.00143359	-0.000724941
4.835	0.00143178	-0.000723414
4.84	0.00142997	-0.000721893
4.845	0.00142817	-0.000720377
4.85	0.00142636	-0.000718867
4.855	0.00142457	-0.000717363
4.86	0.00142277	-0.000715864
4.865	0.00142098	-0.000714371
4.87	0.0014192	-0.000712883
4.875	0.00141742	-0.000711401
4.88	0.00141564	-0.000709924
4.885	0.00141386	-0.000708453
4.89	0.00141209	-0.000706987
4.895	0.00141032	-0.000705526
4.9	0.00140856	-0.00070407
4.905	0.0014068	-0.00070262
4.91	0.00140504	-0.000701176
4.915	0.00140329	-0.000699736
4.92	0.00140154	-0.000698302
4.925	0.0013998	-0.000696872
4.93	0.00139805	-0.000695448
4.935	0.00139632	-0.000694029
4.94	0.00139458	-0.000692615
4.945	0.00139285	-0.000691207
4.95	0.00139112	-0.000689803
4.955	0.0013894	-0.000688404
4.96	0.00138767	-0.000687011
4.965	0.00138596	-0.000685622
4.97	0.00138424	-0.000684238
4.975	0.00138253	-0.000682859
4.98	0.00138083	-0.000681485
4.985	0.00137912	-0.000680116
4.99	0.00137742	-0.000678751
4.995	0.00137572	-0.000677392
5	0.00137403	-0.000676037
5.005	0.00137234	-0.000674687
5.01	0.00137065	-0.000673342
5.015	0.00136897	-0.000672001
5.02	0.00136729	-0.000670665
5.025	0.00136561	-0.000669334
5.03	0.00136394	-0.000668007
5.035	0.00136227	-0.000666685
5.04	0.0013606	-0.000665368
5.045	0.00135894	-0.000664055
5.05	0.00135728	-0.000662747
5.055	0.00135562	-0.000661443
5.06	0.00135397	-0.000660144
5.065	0.00135232	-0.000658849
5.07	0.00135067	-0.000657558
5.075	0.00134903	-0.000656273
5.08	0.00134739	-0.000654991
5.085	0.00134575	-0.000653714
5.09	0.00134412	-0.000652441
5.095	0.00134249	-0.000651172
5.1	0.00134086	-0.000649908
5.105	0.00133923	-0.000648648
5.11	0.00133761	-0.000647393
5.115	0.00133599	-0.000646141
5.12	0.00133438	-0.000644894
5.125	0.00133277	-0.000643651
5.13	0.00133116	-0.000642413
5.135	0.00132955	-0.000641178
5.14	0.00132795	-0.000639948
5.145	0.00132635	-0.000638721
5.15	0.00132475	-0.000637499
5.155	0.00132316	-0.000636281
5.16	0.00132157	-0.000635067
5.165	0.00131998	-0.000633857
5.17	0.00131839	-0.000632651
5.175	0.00131681	-0.000631449
5.18	0.00131523	-0.000630251
5.185	0.00131366	-0.000629057
5.19	0.00131208	-0.000627866
5.195	0.00131052	-0.00062668
5.2	0.00130895	-0.000625498
5.205	0.00130738	-0.00062432
5.21	0.00130582	-0.000623145
5.215	0.00130427	-0.000621974
5.22	0.00130271	-0.000620808
5.225	0.00130116	-0.000619644
5.23	0.00129961	-0.000618485
5.235	0.00129806	-0.00061733
5.24	0.00129652	-0.000616178
5.245	0.00129498	-0.00061503
5.25	0.00129344	-0.000613886
5.255	0.00129191	-0.000612745
5.26	0.00129038	-0.000611608
5.265	0.00128885	-0.000610475
5.27	0.00128732	-0.000609346
5.275	0.0012858	-0.00060822
5.28	0.00128428	-0.000607097
5.285	0.00128276	-0.000605979
5.29	0.00128124	-0.000604863
5.295	0.00127973	-0.000603752
5.3	0.00127822	-0.000602644
5.305	0.00127672	-0.000601539
5.31	0.00127521	-0.000600438
5.315	0.00127371	-0.000599341
5.32	0.00127221	-0.000598247
5.325	0.00127072	-0.000597156
5.33	0.00126922	-0.000596069
5.335	0.00126773	-0.000594986
5.34	0.00126625	-0.000593906
5.345	0.00126476	-0.000592829
5.35	0.00126328	-0.000591755
5.355	0.0012618	-0.000590685
5.36	0.00126032	-0.000589618
5.365	0.00125885	-0.000588555
5.37	0.00125738	-0.000587495
5.375	0.00125591	-0.000586438
5.38	0.00125444	-0.000585385
5.385	0.00125298	-0.000584335
5.39	0.00125152	-0.000583288
5.395	0.00125006	-0.000582244
5.4	0.00124861	-0.000581204
5.405	0.00124715	-0.000580166
5.41	0.0012457	-0.000579132
5.415	0.00124425	-0.000578102
5.42	0.00124281	-0.000577074
5.425	0.00124137	-0.000576049
5.43	0.00123993	-0.000575028
5.435	0.00123849	-0.00057401
5.44	0.00123705	-0.000572995
5.445	0.00123562	-0.000571983
5.45	0.00123419	-0.000570974
5.455	0.00123276	-0.000569968
5.46	0.00123134	-0.000568965
5.465	0.00122992	-0.000567966
5.47	0.0012285	-0.000566969
5.475	0.00122708	-0.000565975
5.48	0.00122566	-0.000564985
5.485	0.00122425	-0.000563997
5.49	0.00122284	-0.000563012
5.495	0.00122143	-0.000562031
5.5	0.00122003	-0.000561052
5.505	0.00121863	-0.000560076
5.51	0.00121723	-0.000559103
5.515	0.00121583	-0.000558133
5.52	0.00121443	-0.000557166
5.525	0.00121304	-0.000556202
5.53	0.00121165	-0.000555241
5.535	0.00121026	-0.000554282
5.54	0.00120888	-0.000553327
5.545	0.00120749	-0.000552374
5.55	0.00120611	-0.000551424
5.555	0.00120473	-0.000550477
5.56	0.00120336	-0.000549533
5.565	0.00120198	-0.000548591
5.57	0.00120061	-0.000547653
5.575	0.00119924	-0.000546717
5.58	0.00119788	-0.000545783
5.585	0.00119651	-0.000544853
5.59	0.00119515	-0.000543925
5.595	0.00119379	-0.000543
5.6	0.00119243	-0.000542078
5.605	0.00119108	-0.000541158
5.61	0.00118972	-0.000540241
5.615	0.00118837	-0.000539327
5.62	0.00118702	-0.000538416
5.625	0.00118568	-0.000537507
5.63	0.00118433	-0.0005366
5.635	0.00118299	-0.000535697
5.64	0.00118165	-0.000534796
5.645	0.00118032	-0.000533897
5.65	0.00117898	-0.000533001
5.655	0.00117765	-0.000532108
5.66	0.00117632	-0.000531218
5.665	0.00117499	-0.000530329
5.67	0.00117367	-0.000529444
5.675	0.00117234	-0.000528561
5.68	0.00117102	-0.00052768
5.685	0.0011697	-0.000526802
5.69	0.00116838	-0.000525927
5.695	0.00116707	-0.000525054
5.7	0.00116576	-0.000524183
5.705	0.00116445	-0.000523315
5.71	0.00116314	-0.00052245
5.715	0.00116183	-0.000521587
5.72	0.00116053	-0.000520726
5.725	0.00115923	-0.000519868
5.73	0.00115793	-0.000519012
5.735	0.00115663	-0.000518159
5.74	0.00115533	-0.000517308
5.745	0.00115404	-0.000516459
5.75	0.00115275	-0.000515613
5.755	0.00115146	-0.000514769
5.76	0.00115017	-0.000513928
5.765	0.00114889	-0.000513089
5.77	0.00114761	-0.000512252
5.775	0.00114633	-0.000511418
5.78	0.00114505	-0.000510586
5.785	0.00114377	-0.000509756
5.79	0.0011425	-0.000508929
5.795	0.00114122	-0.000508103
5.8	0.00113995	-0.000507281
5.805	0.00113868	-0.00050646
5.81	0.00113742	-0.000505642
5.815	0.00113615	-0.000504826
5.82	0.00113489	-0.000504012
5.825	0.00113363	-0.000503201
5.83	0.00113237	-0.000502391
5.835	0.00113112	-0.000501584
5.84	0.00112986	-0.000500779
5.845	0.00112861	-0.000499977
5.85	0.00112736	-0.000499176
5.855	0.00112611	-0.000498378
5.86	0.00112487	-0.000497582
5.865	0.00112362	-0.000496788
5.87	0.00112238	-0.000495996
5.875	0.00112114	-0.000495207
5.88	0.0011199	-0.000494419
5.885	0.00111867	-0.000493634
5.89	0.00111743	-0.000492851
5.895	0.0011162	-0.00049207
5.9	0.00111497	-0.000491291
5.905	0.00111374	-0.000490514
5.91	0.00111252	-0.00048974
5.915	0.00111129	-0.000488967
5.92	0.00111007	-0.000488197
5.925	0.00110885	-0.000487428
5.93	0.00110763	-0.000486662
5.935	0.00110642	-0.000485897
5.94	0.0011052	-0.000485135
5.945	0.00110399	-0.000484375
5.95	0.00110278	-0.000483617
5.955	0.00110157	-0.000482861
5.96	0.00110036	-0.000482106
5.965	0.00109916	-0.000481354
5.97	0.00109795	-0.000480604
5.975	0.00109675	-0.000479856
5.98	0.00109555	-0.00047911
5.985	0.00109435	-0.000478366
5.99	0.00109316	-0.000477623
5.995	0.00109196	-0.000476883
6	0.00109077	-0.000476145
0 unlabeled lines
