-0.0025	0		two fibers_not connected to ground	0
0.0025	0.000593417		dist = 0.1	0.00077469
0.0075	0.000421205		node15_icap	0.000486061
0.0125	0.000320026			0.000333028
0.0175	0.000253906			0.000248259
0.0225	0.000209509			0.000199081
0.0275	0.000178881			0.000168901
0.0325	0.000157063			0.000149103
0.0375	0.00014095			0.000135145
0.0425	0.000128587			0.000124596
0.0475	0.000118742			0.000116136
0.0525	0.000110629			0.000109032
0.0575	0.000103746			0.000102866
0.0625	9.78E-05			9.74E-05
0.0675	9.25E-05			9.25E-05
0.0725	8.77E-05			8.80E-05
0.0775	8.34E-05			8.39E-05
0.0825	7.95E-05			8.01E-05
0.0875	7.59E-05			7.66E-05
0.0925	7.25E-05			7.34E-05
0.0975	6.94E-05			7.04E-05
0.1025	6.66E-05			6.76E-05
0.1075	6.39E-05			6.50E-05
0.1125	6.14E-05			6.25E-05
0.1175	5.91E-05			6.03E-05
0.1225	5.69E-05			5.82E-05
0.1275	5.49E-05			5.62E-05
0.1325	5.30E-05			5.43E-05
0.1375	5.12E-05			5.26E-05
0.1425	4.95E-05			5.09E-05
0.1475	4.79E-05			4.94E-05
0.1525	4.64E-05			4.79E-05
0.1575	4.50E-05			4.65E-05
0.1625	4.37E-05			4.53E-05
0.1675	4.25E-05			4.40E-05
0.1725	4.13E-05			4.29E-05
0.1775	4.02E-05			4.18E-05
0.1825	3.91E-05			4.07E-05
0.1875	3.81E-05			3.97E-05
0.1925	3.72E-05			3.88E-05
0.1975	3.63E-05			3.79E-05
0.2025	3.54E-05			3.71E-05
0.2075	3.46E-05			3.63E-05
0.2125	3.38E-05			3.55E-05
0.2175	3.31E-05			3.48E-05
0.2225	3.24E-05			3.41E-05
0.2275	3.17E-05			3.34E-05
0.2325	3.11E-05			3.28E-05
0.2375	3.05E-05			3.21E-05
0.2425	2.99E-05			3.16E-05
0.2475	2.93E-05			3.10E-05
0.2525	2.88E-05			3.05E-05
0.2575	2.83E-05			3.00E-05
0.2625	2.78E-05			2.95E-05
0.2675	2.73E-05			2.90E-05
0.2725	2.69E-05			2.85E-05
0.2775	2.64E-05			2.81E-05
0.2825	2.60E-05			2.77E-05
0.2875	2.56E-05			2.73E-05
0.2925	2.52E-05			2.69E-05
0.2975	2.48E-05			2.65E-05
0.3025	2.45E-05			2.61E-05
0.3075	2.41E-05			2.58E-05
0.3125	2.38E-05			2.54E-05
0.3175	2.35E-05			2.51E-05
0.3225	2.32E-05			2.48E-05
0.3275	2.29E-05			2.45E-05
0.3325	2.26E-05			2.42E-05
0.3375	2.23E-05			2.39E-05
0.3425	2.20E-05			2.36E-05
0.3475	2.17E-05			2.34E-05
0.3525	2.15E-05			2.31E-05
0.3575	2.12E-05			2.28E-05
0.3625	2.10E-05			2.26E-05
0.3675	2.08E-05			2.24E-05
0.3725	2.05E-05			2.21E-05
0.3775	2.03E-05			2.19E-05
0.3825	2.01E-05			2.17E-05
0.3875	1.99E-05			2.15E-05
0.3925	1.97E-05			2.13E-05
0.3975	1.95E-05			2.11E-05
0.4025	1.93E-05			2.09E-05
0.4075	1.91E-05			2.07E-05
0.4125	1.89E-05			2.05E-05
0.4175	1.88E-05			2.03E-05
0.4225	1.86E-05			2.01E-05
0.4275	1.84E-05			2.00E-05
0.4325	1.83E-05			1.98E-05
0.4375	1.81E-05			1.96E-05
0.4425	1.79E-05			1.95E-05
0.4475	1.78E-05			1.93E-05
0.4525	1.76E-05			1.91E-05
0.4575	1.75E-05			1.90E-05
0.4625	1.73E-05			1.88E-05
0.4675	1.72E-05			1.87E-05
0.4725	1.71E-05			1.86E-05
0.4775	1.69E-05			1.84E-05
0.4825	1.68E-05			1.83E-05
0.4875	1.67E-05			1.82E-05
0.4925	1.66E-05			1.80E-05
0.4975	1.64E-05			1.79E-05
0.5025	1.63E-05			1.78E-05
0.5075	1.62E-05			1.77E-05
0.5125	1.61E-05			1.75E-05
0.5175	1.60E-05			1.74E-05
0.5225	1.58E-05			1.73E-05
0.5275	1.57E-05			1.72E-05
0.5325	1.56E-05			1.71E-05
0.5375	1.55E-05			1.70E-05
0.5425	1.54E-05			1.69E-05
0.5475	1.53E-05			1.67E-05
0.5525	1.52E-05			1.66E-05
0.5575	1.51E-05			1.65E-05
0.5625	1.50E-05			1.64E-05
0.5675	1.49E-05			1.63E-05
0.5725	1.48E-05			1.62E-05
0.5775	1.47E-05			1.62E-05
0.5825	1.47E-05			1.61E-05
0.5875	1.46E-05			1.60E-05
0.5925	1.45E-05			1.59E-05
0.5975	1.44E-05			1.58E-05
0.6025	1.43E-05			1.57E-05
0.6075	1.42E-05			1.56E-05
0.6125	1.41E-05			1.55E-05
0.6175	1.41E-05			1.54E-05
0.6225	1.40E-05			1.54E-05
0.6275	1.39E-05			1.53E-05
0.6325	1.38E-05			1.52E-05
0.6375	1.37E-05			1.51E-05
0.6425	1.37E-05			1.50E-05
0.6475	1.36E-05			1.50E-05
0.6525	1.35E-05			1.49E-05
0.6575	1.35E-05			1.48E-05
0.6625	1.34E-05			1.47E-05
0.6675	1.33E-05			1.47E-05
0.6725	1.32E-05			1.46E-05
0.6775	1.32E-05			1.45E-05
0.6825	1.31E-05			1.44E-05
0.6875	1.30E-05			1.44E-05
0.6925	1.30E-05			1.43E-05
0.6975	1.29E-05			1.42E-05
0.7025	1.28E-05			1.42E-05
0.7075	1.28E-05			1.41E-05
0.7125	1.27E-05			1.40E-05
0.7175	1.27E-05			1.40E-05
0.7225	1.26E-05			1.39E-05
0.7275	1.25E-05			1.38E-05
0.7325	1.25E-05			1.38E-05
0.7375	1.24E-05			1.37E-05
0.7425	1.24E-05			1.37E-05
0.7475	1.23E-05			1.36E-05
0.7525	1.22E-05			1.35E-05
0.7575	1.22E-05			1.35E-05
0.7625	1.21E-05			1.34E-05
0.7675	1.21E-05			1.34E-05
0.7725	1.20E-05			1.33E-05
0.7775	1.20E-05			1.33E-05
0.7825	1.19E-05			1.32E-05
0.7875	1.19E-05			1.31E-05
0.7925	1.18E-05			1.31E-05
0.7975	1.18E-05			1.30E-05
0.8025	1.17E-05			1.30E-05
0.8075	1.17E-05			1.29E-05
0.8125	1.16E-05			1.29E-05
0.8175	1.16E-05			1.28E-05
0.8225	1.15E-05			1.28E-05
0.8275	1.15E-05			1.27E-05
0.8325	1.14E-05			1.27E-05
0.8375	1.14E-05			1.26E-05
0.8425	1.13E-05			1.26E-05
0.8475	1.13E-05			1.25E-05
0.8525	1.12E-05			1.25E-05
0.8575	1.12E-05			1.24E-05
0.8625	1.12E-05			1.24E-05
0.8675	1.11E-05			1.23E-05
0.8725	1.11E-05			1.23E-05
0.8775	1.10E-05			1.22E-05
0.8825	1.10E-05			1.22E-05
0.8875	1.09E-05			1.22E-05
0.8925	1.09E-05			1.21E-05
0.8975	1.09E-05			1.21E-05
0.9025	1.08E-05			1.20E-05
0.9075	1.08E-05			1.20E-05
0.9125	1.07E-05			1.19E-05
0.9175	1.07E-05			1.19E-05
0.9225	1.06E-05			1.19E-05
0.9275	1.06E-05			1.18E-05
0.9325	1.06E-05			1.18E-05
0.9375	1.05E-05			1.17E-05
0.9425	1.05E-05			1.17E-05
0.9475	1.05E-05			1.17E-05
0.9525	1.04E-05			1.16E-05
0.9575	1.04E-05			1.16E-05
0.9625	1.03E-05			1.15E-05
0.9675	1.03E-05			1.15E-05
0.9725	1.03E-05			1.15E-05
0.9775	1.02E-05			1.14E-05
0.9825	1.02E-05			1.14E-05
0.9875	1.02E-05			1.13E-05
0.9925	1.01E-05			1.13E-05
0.9975	1.01E-05			1.13E-05
1.0025	1.01E-05			1.15E-05
1.0075	1.01E-05			1.26E-05
1.0125	1.03E-05			1.51E-05
1.0175	1.07E-05			1.95E-05
1.0225	1.17E-05			2.57E-05
1.0275	1.34E-05			3.37E-05
1.0325	1.60E-05			4.34E-05
1.0375	1.97E-05			5.50E-05
1.0425	2.45E-05			6.88E-05
1.0475	3.05E-05			8.53E-05
1.0525	3.80E-05			0.000104918
1.0575	4.70E-05			0.000128305
1.0625	5.79E-05			0.000156373
1.0675	7.08E-05			0.000190154
1.0725	8.61E-05			0.000230675
1.0775	0.000104307			0.000279232
1.0825	0.000125955			0.000337798
1.0875	0.000151667			0.000408712
1.0925	0.000182234			0.000494092
1.0975	0.000218645			0.000596485
1.1025	0.000262059			0.000720228
1.1075	0.000313783			0.000870789
1.1125	0.000375394			0.001052536
1.1175	0.000448928			0.001270116
1.1225	0.000536884			0.001532974
1.1275	0.000642015			0.001854373
1.1325	0.000767385			0.002243429
1.1375	0.00091697			0.002707415
1.1425	0.00109612			0.003266416
1.1475	0.00131096			0.00395385
1.1525	0.00156761			0.004789797
1.1575	0.0018733			0.00578106
1.1625	0.00223877			0.006968311
1.1675	0.00267821			0.008438446
1.1725	0.00320537			0.010240981
1.1775	0.00383273			0.012362396
1.1825	0.00457891			0.014876455
1.1875	0.00547558			0.018014183
1.1925	0.00655836			0.021917208
1.1975	0.00785189			0.026470086
1.2025	0.00938062			0.03176914
1.2075	0.0112033			0.038437133
1.2125	0.0134163			0.046929709
1.2175	0.0160915			0.056752744
1.2225	0.0192485			0.067847984
1.2275	0.0229538			0.081908358
1.2325	0.0274289			0.100479642
1.2375	0.03294			0.121879407
1.2425	0.0395312			0.144895467
1.2475	0.0471389			0.174147076
1.2525	0.0560948			0.214916912
1.2575	0.0672462			0.262289536
1.2625	0.081086			0.309437063
1.2675	0.0970704			0.36885451
1.2725	0.115044			0.458458355
1.2775	0.136923			0.565732936
1.2825	0.165461			0.660844214
1.2875	0.20006			0.776086132
1.2925	0.2373			0.972093843
1.2975	0.279076			1.221322607
1.3025	0.334691			1.4100838
1.3075	0.409775			1.610995946
1.3125	0.492694			2.031074928
1.3175	0.57315			2.619564353
1.3225	0.672193			2.982121352
1.3275	0.824094			3.21795818
1.3325	1.02079			4.017169113
1.3375	1.19486			5.217712187
1.3425	1.3502			5.229594327
1.3475	1.61022			3.303147364
1.3525	2.05008			1.547376609
1.3575	2.50831			0.92795026
1.3625	2.7324			0.815696062
1.3675	2.97878			0.574447833
1.3725	3.71106			0.230201685
1.3775	4.77105			0.02548208
1.3825	4.97152			-0.043509558
1.3875	3.46379			-0.09419594
1.3925	1.71662			-0.176501524
1.3975	0.885382			-0.250689011
1.4025	0.720716			-0.294965887
1.4075	0.682936			-0.323494506
1.4125	0.461648			-0.354905767
1.4175	0.172625			-0.387960783
1.4225	-0.0163341			-0.415456606
1.4275	-0.0929649			-0.436770778
1.4325	-0.128291			-0.456065506
1.4375	-0.182192			-0.47515844
1.4425	-0.250709			-0.492796777
1.4475	-0.308207			-0.508011201
1.4525	-0.345449			-0.521300091
1.4575	-0.370964			-0.533434133
1.4625	-0.396153			-0.544425315
1.4675	-0.423151			-0.553968041
1.4725	-0.448294			-0.562006012
1.4775	-0.468926			-0.568730279
1.4825	-0.485743			-0.574250669
1.4875	-0.500843			-0.57853751
1.4925	-0.515145			-0.581559353
1.4975	-0.528247			-0.583363739
1.5025	-0.53954			-0.584023502
1.5075	-0.548976			-0.583583272
1.5125	-0.556922			-0.582071663
1.5175	-0.563659			-0.579532993
1.5225	-0.569203			-0.576029913
1.5275	-0.573456			-0.571626539
1.5325	-0.576397			-0.566382168
1.5375	-0.57811			-0.560357252
1.5425	-0.578699			-0.553617964
1.5475	-0.578222			-0.546233146
1.5525	-0.576709			-0.538270252
1.5575	-0.574192			-0.529794749
1.5625	-0.570731			-0.520871262
1.5675	-0.566399			-0.511563317
1.5725	-0.561262			-0.501931874
1.5775	-0.555381			-0.492034342
1.5825	-0.548816			-0.481924498
1.5875	-0.54163			-0.47165253
1.5925	-0.533889			-0.461264759
1.5975	-0.525659			-0.450803329
1.6025	-0.517001			-0.44030618
1.6075	-0.507975			-0.429807239
1.6125	-0.498637			-0.419336621
1.6175	-0.489042			-0.408920795
1.6225	-0.479241			-0.39858281
1.6275	-0.469281			-0.388342606
1.6325	-0.459206			-0.378217343
1.6375	-0.449056			-0.36822172
1.6425	-0.438867			-0.358368264
1.6475	-0.42867			-0.34866763
1.6525	-0.418495			-0.339128866
1.6575	-0.408367			-0.329759669
1.6625	-0.398308			-0.320566588
1.6675	-0.388337			-0.311555208
1.6725	-0.378472			-0.302730292
1.6775	-0.368726			-0.294095907
1.6825	-0.359111			-0.285655508
1.6875	-0.349639			-0.277412007
1.6925	-0.340319			-0.269367817
1.6975	-0.331157			-0.26152488
1.7025	-0.322161			-0.253884679
1.7075	-0.313337			-0.246448249
1.7125	-0.304688			-0.239216173
1.7175	-0.29622			-0.232188577
1.7225	-0.287936			-0.225365132
1.7275	-0.279839			-0.218745049
1.7325	-0.271931			-0.212327077
1.7375	-0.264215			-0.206109514
1.7425	-0.256692			-0.200090217
1.7475	-0.249363			-0.194266613
1.7525	-0.242229			-0.188635722
1.7575	-0.23529			-0.183194184
1.7625	-0.228547			-0.177938288
1.7675	-0.221997			-0.172864
1.7725	-0.215641			-0.167967004
1.7775	-0.209477			-0.163242739
1.7825	-0.203503			-0.158686433
1.7875	-0.197716			-0.154293147
1.7925	-0.192115			-0.150057806
1.7975	-0.186695			-0.145975246
1.8025	-0.181454			-0.14204024
1.8075	-0.176387			-0.138247536
1.8125	-0.171491			-0.134591887
1.8175	-0.166762			-0.13106808
1.8225	-0.162194			-0.127670961
1.8275	-0.157784			-0.124395454
1.8325	-0.153527			-0.121236589
1.8375	-0.149417			-0.118189508
1.8425	-0.145451			-0.11524949
1.8475	-0.141622			-0.112411952
1.8525	-0.137926			-0.109672466
1.8575	-0.134359			-0.107026762
1.8625	-0.130915			-0.104470732
1.8675	-0.127589			-0.102000436
1.8725	-0.124377			-0.0996121
1.8775	-0.121274			-0.097302116
1.8825	-0.118276			-0.095067043
1.8875	-0.115379			-0.092903602
1.8925	-0.112577			-0.090808672
1.8975	-0.109868			-0.08877929
1.9025	-0.107247			-0.086812642
1.9075	-0.10471			-0.084906056
1.9125	-0.102254			-0.083057004
1.9175	-0.0998762			-0.081263088
1.9225	-0.0975723			-0.07952204
1.9275	-0.0953395			-0.077831711
1.9325	-0.0931748			-0.07619007
1.9375	-0.0910755			-0.074595194
1.9425	-0.0890389			-0.073045263
1.9475	-0.0870624			-0.071538555
1.9525	-0.0851436			-0.070073441
1.9575	-0.0832803			-0.068648377
1.9625	-0.0814702			-0.067261903
1.9675	-0.0797114			-0.065912632
1.9725	-0.0780019			-0.064599251
1.9775	-0.0763399			-0.063320515
1.9825	-0.0747236			-0.062075238
1.9875	-0.0731514			-0.060862298
1.9925	-0.0716218			-0.059680623
1.9975	-0.0701331			-0.058529197
2.0025	-0.0686842			-0.057407049
2.0075	-0.0672735			-0.056313254
2.0125	-0.0658999			-0.055246929
2.0175	-0.0645621			-0.054207231
2.0225	-0.063259			-0.053193353
2.0275	-0.0619895			-0.052204521
2.0325	-0.0607526			-0.051239997
2.0375	-0.0595472			-0.050299069
2.0425	-0.0583724			-0.049381057
2.0475	-0.0572273			-0.048485305
2.0525	-0.056111			-0.047611182
2.0575	-0.0550228			-0.046758082
2.0625	-0.0539616			-0.045925421
2.0675	-0.0529269			-0.045112633
2.0725	-0.0519179			-0.044319177
2.0775	-0.0509338			-0.043544524
2.0825	-0.0499739			-0.042788168
2.0875	-0.0490377			-0.042049617
2.0925	-0.0481244			-0.041328396
2.0975	-0.0472334			-0.040624043
2.1025	-0.0463641			-0.039936113
2.1075	-0.045516			-0.039264173
2.1125	-0.0446885			-0.038607803
2.1175	-0.0438809			-0.037966596
2.1225	-0.0430929			-0.037340157
2.1275	-0.0423239			-0.036728102
2.1325	-0.0415733			-0.036130058
2.1375	-0.0408408			-0.035545663
2.1425	-0.0401258			-0.034974564
2.1475	-0.0394278			-0.03441642
2.1525	-0.0387465			-0.033870896
2.1575	-0.0380814			-0.03333767
2.1625	-0.037432			-0.032816425
2.1675	-0.036798			-0.032306856
2.1725	-0.036179			-0.031808664
2.1775	-0.0355745			-0.031321558
2.1825	-0.0349842			-0.030845256
2.1875	-0.0344077			-0.030379483
2.1925	-0.0338447			-0.029923971
2.1975	-0.0332948			-0.029478459
2.2025	-0.0327576			-0.029042692
2.2075	-0.0322329			-0.028616425
2.2125	-0.0317203			-0.028199415
2.2175	-0.0312195			-0.027791429
2.2225	-0.0307302			-0.027392239
2.2275	-0.030252			-0.027001622
2.2325	-0.0297848			-0.026619361
2.2375	-0.0293282			-0.026245246
2.2425	-0.0288819			-0.025879072
2.2475	-0.0284456			-0.025520639
2.2525	-0.0280192			-0.025169753
2.2575	-0.0276024			-0.024826223
2.2625	-0.0271948			-0.024489866
2.2675	-0.0267963			-0.024160501
2.2725	-0.0264066			-0.023837955
2.2775	-0.0260255			-0.023522057
2.2825	-0.0256527			-0.023212641
2.2875	-0.0252881			-0.022909546
2.2925	-0.0249315			-0.022612615
2.2975	-0.0245826			-0.022321694
2.3025	-0.0242412			-0.022036636
2.3075	-0.0239071			-0.021757294
2.3125	-0.0235802			-0.021483529
2.3175	-0.0232603			-0.021215203
2.3225	-0.0229472			-0.020952182
2.3275	-0.0226406			-0.020694336
2.3325	-0.0223405			-0.020441538
2.3375	-0.0220467			-0.020193666
2.3425	-0.0217589			-0.0199506
2.3475	-0.0214772			-0.019712222
2.3525	-0.0212012			-0.019478419
2.3575	-0.0209309			-0.019249081
2.3625	-0.0206661			-0.0190241
2.3675	-0.0204066			-0.01880337
2.3725	-0.0201524			-0.018586791
2.3775	-0.0199033			-0.018374263
2.3825	-0.0196592			-0.01816569
2.3875	-0.0194199			-0.017960976
2.3925	-0.0191853			-0.017760032
2.3975	-0.0189554			-0.017562768
2.4025	-0.0187299			-0.017369096
2.4075	-0.0185088			-0.017178934
2.4125	-0.018292			-0.016992199
2.4175	-0.0180793			-0.01680881
2.4225	-0.0178707			-0.016628691
2.4275	-0.0176661			-0.016451765
2.4325	-0.0174654			-0.016277959
2.4375	-0.0172684			-0.0161072
2.4425	-0.017075			-0.01593942
2.4475	-0.0168853			-0.01577455
2.4525	-0.0166991			-0.015612524
2.4575	-0.0165163			-0.015453278
2.4625	-0.0163368			-0.015296748
2.4675	-0.0161606			-0.015142874
2.4725	-0.0159875			-0.014991596
2.4775	-0.0158176			-0.014842856
2.4825	-0.0156507			-0.014696598
2.4875	-0.0154867			-0.014552767
2.4925	-0.0153257			-0.01441131
2.4975	-0.0151674			-0.014272174
2.5025	-0.0150119			-0.014135309
2.5075	-0.0148591			-0.014000665
2.5125	-0.0147089			-0.013868194
2.5175	-0.0145613			-0.013737849
2.5225	-0.0144162			-0.013609585
2.5275	-0.0142736			-0.013483357
2.5325	-0.0141333			-0.013359121
2.5375	-0.0139954			-0.013236836
2.5425	-0.0138598			-0.01311646
2.5475	-0.0137264			-0.012997953
2.5525	-0.0135952			-0.012881276
2.5575	-0.0134661			-0.012766392
2.5625	-0.0133392			-0.012653261
2.5675	-0.0132142			-0.01254185
2.5725	-0.0130913			-0.012432122
2.5775	-0.0129703			-0.012324042
2.5825	-0.0128513			-0.012217578
2.5875	-0.0127341			-0.012112697
2.5925	-0.0126188			-0.012009366
2.5975	-0.0125052			-0.011907555
2.6025	-0.0123934			-0.011807233
2.6075	-0.0122833			-0.011708371
2.6125	-0.0121749			-0.011610939
2.6175	-0.0120682			-0.01151491
2.6225	-0.0119631			-0.011420256
2.6275	-0.0118595			-0.011326951
2.6325	-0.0117575			-0.011234968
2.6375	-0.011657			-0.011144281
2.6425	-0.011558			-0.011054866
2.6475	-0.0114604			-0.010966699
2.6525	-0.0113643			-0.010879755
2.6575	-0.0112696			-0.010794012
2.6625	-0.0111762			-0.010709447
2.6675	-0.0110842			-0.010626038
2.6725	-0.0109934			-0.010543763
2.6775	-0.010904			-0.010462601
2.6825	-0.0108158			-0.010382531
2.6875	-0.0107289			-0.010303534
2.6925	-0.0106432			-0.01022559
2.6975	-0.0105587			-0.01014868
2.7025	-0.0104753			-0.010072785
2.7075	-0.0103931			-0.009997886
2.7125	-0.010312			-0.009923967
2.7175	-0.0102321			-0.009851008
2.7225	-0.0101532			-0.009778994
2.7275	-0.0100753			-0.009707907
2.7325	-0.00999853			-0.009637732
2.7375	-0.00992275			-0.009568452
2.7425	-0.00984798			-0.009500051
2.7475	-0.0097742			-0.009432515
2.7525	-0.00970138			-0.009365828
2.7575	-0.00962951			-0.009299976
2.7625	-0.00955857			-0.009234945
2.7675	-0.00948855			-0.00917072
2.7725	-0.00941943			-0.009107288
2.7775	-0.0093512			-0.009044636
2.7825	-0.00928383			-0.00898275
2.7875	-0.00921731			-0.008921618
2.7925	-0.00915163			-0.008861227
2.7975	-0.00908677			-0.008801565
2.8025	-0.00902273			-0.008742619
2.8075	-0.00895947			-0.008684379
2.8125	-0.008897			-0.008626833
2.8175	-0.0088353			-0.008569969
2.8225	-0.00877435			-0.008513776
2.8275	-0.00871414			-0.008458243
2.8325	-0.00865467			-0.008403361
2.8375	-0.00859591			-0.008349118
2.8425	-0.00853785			-0.008295504
2.8475	-0.00848049			-0.00824251
2.8525	-0.00842381			-0.008190126
2.8575	-0.00836781			-0.008138342
2.8625	-0.00831246			-0.008087148
2.8675	-0.00825776			-0.008036536
2.8725	-0.0082037			-0.007986497
2.8775	-0.00815027			-0.007937021
2.8825	-0.00809746			-0.007888101
2.8875	-0.00804526			-0.007839727
2.8925	-0.00799366			-0.007791891
2.8975	-0.00794264			-0.007744586
2.9025	-0.00789221			-0.007697803
2.9075	-0.00784234			-0.007651534
2.9125	-0.00779304			-0.007605772
2.9175	-0.0077443			-0.007560509
2.9225	-0.00769609			-0.007515738
2.9275	-0.00764843			-0.007471451
2.9325	-0.00760129			-0.007427642
2.9375	-0.00755467			-0.007384303
2.9425	-0.00750857			-0.007341427
2.9475	-0.00746297			-0.007299008
2.9525	-0.00741787			-0.00725704
2.9575	-0.00737325			-0.007215515
2.9625	-0.00732912			-0.007174427
2.9675	-0.00728547			-0.00713377
2.9725	-0.00724228			-0.007093538
2.9775	-0.00719956			-0.007053725
2.9825	-0.00715728			-0.007014325
2.9875	-0.00711546			-0.006975332
2.9925	-0.00707408			-0.00693674
2.9975	-0.00703313			-0.006898544
3.0025	-0.00699261			-0.006860739
3.0075	-0.00695252			-0.006823318
3.0125	-0.00691284			-0.006786277
3.0175	-0.00687357			-0.00674961
3.0225	-0.00683471			-0.006713312
3.0275	-0.00679624			-0.006677379
3.0325	-0.00675817			-0.006641804
3.0375	-0.00672049			-0.006606584
3.0425	-0.00668319			-0.006571713
3.0475	-0.00664626			-0.006537187
3.0525	-0.00660971			-0.006503001
3.0575	-0.00657352			-0.006469151
3.0625	-0.0065377			-0.006435632
3.0675	-0.00650223			-0.006402439
3.0725	-0.00646712			-0.006369569
3.0775	-0.00643235			-0.006337017
3.0825	-0.00639793			-0.006304779
3.0875	-0.00636384			-0.006272851
3.0925	-0.00633008			-0.006241228
3.0975	-0.00629666			-0.006209907
3.1025	-0.00626356			-0.006178884
3.1075	-0.00623078			-0.006148155
3.1125	-0.00619831			-0.006117716
3.1175	-0.00616616			-0.006087564
3.1225	-0.00613431			-0.006057694
3.1275	-0.00610277			-0.006028103
3.1325	-0.00607152			-0.005998788
3.1375	-0.00604058			-0.005969745
3.1425	-0.00600992			-0.005940971
3.1475	-0.00597955			-0.005912462
3.1525	-0.00594947			-0.005884214
3.1575	-0.00591967			-0.005856226
3.1625	-0.00589014			-0.005828492
3.1675	-0.00586089			-0.005801011
3.1725	-0.0058319			-0.005773779
3.1775	-0.00580319			-0.005746793
3.1825	-0.00577474			-0.00572005
3.1875	-0.00574654			-0.005693546
3.1925	-0.00571861			-0.00566728
3.1975	-0.00569092			-0.005641247
3.2025	-0.00566349			-0.005615446
3.2075	-0.0056363			-0.005589873
3.2125	-0.00560936			-0.005564526
3.2175	-0.00558266			-0.005539401
3.2225	-0.0055562			-0.005514497
3.2275	-0.00552997			-0.00548981
3.2325	-0.00550397			-0.005465338
3.2375	-0.00547821			-0.005441078
3.2425	-0.00545267			-0.005417028
3.2475	-0.00542735			-0.005393185
3.2525	-0.00540226			-0.005369547
3.2575	-0.00537738			-0.005346112
3.2625	-0.00535272			-0.005322876
3.2675	-0.00532827			-0.005299838
3.2725	-0.00530404			-0.005276995
3.2775	-0.00528001			-0.005254345
3.2825	-0.00525618			-0.005231886
3.2875	-0.00523256			-0.005209615
3.2925	-0.00520914			-0.005187531
3.2975	-0.00518592			-0.00516563
3.3025	-0.0051629			-0.005143912
3.3075	-0.00514007			-0.005122373
3.3125	-0.00511743			-0.005101012
3.3175	-0.00509498			-0.005079827
3.3225	-0.00507271			-0.005058816
3.3275	-0.00505064			-0.005037977
3.3325	-0.00502874			-0.005017307
3.3375	-0.00500702			-0.004996805
3.3425	-0.00498549			-0.004976469
3.3475	-0.00496413			-0.004956297
3.3525	-0.00494294			-0.004936287
3.3575	-0.00492193			-0.004916438
3.3625	-0.00490108			-0.004896747
3.3675	-0.00488041			-0.004877213
3.3725	-0.0048599			-0.004857834
3.3775	-0.00483956			-0.004838608
3.3825	-0.00481938			-0.004819534
3.3875	-0.00479936			-0.00480061
3.3925	-0.0047795			-0.004781834
3.3975	-0.0047598			-0.004763204
3.4025	-0.00474025			-0.00474472
3.4075	-0.00472086			-0.004726379
3.4125	-0.00470161			-0.004708179
3.4175	-0.00468252			-0.00469012
3.4225	-0.00466358			-0.0046722
3.4275	-0.00464479			-0.004654417
3.4325	-0.00462614			-0.004636769
3.4375	-0.00460763			-0.004619256
3.4425	-0.00458927			-0.004601876
3.4475	-0.00457105			-0.004584627
3.4525	-0.00455297			-0.004567507
3.4575	-0.00453502			-0.004550517
3.4625	-0.00451722			-0.004533653
3.4675	-0.00449954			-0.004516915
3.4725	-0.004482			-0.004500302
3.4775	-0.0044646			-0.004483812
3.4825	-0.00444732			-0.004467443
3.4875	-0.00443017			-0.004451196
3.4925	-0.00441315			-0.004435067
3.4975	-0.00439626			-0.004419056
3.5025	-0.00437949			-0.004403162
3.5075	-0.00436284			-0.004387384
3.5125	-0.00434632			-0.004371719
3.5175	-0.00432992			-0.004356168
3.5225	-0.00431363			-0.004340729
3.5275	-0.00429747			-0.0043254
3.5325	-0.00428143			-0.004310181
3.5375	-0.0042655			-0.004295071
3.5425	-0.00424968			-0.004280068
3.5475	-0.00423398			-0.004265171
3.5525	-0.00421839			-0.004250379
3.5575	-0.00420291			-0.004235691
3.5625	-0.00418755			-0.004221106
3.5675	-0.00417229			-0.004206623
3.5725	-0.00415714			-0.004192241
3.5775	-0.00414209			-0.004177959
3.5825	-0.00412716			-0.004163776
3.5875	-0.00411232			-0.00414969
3.5925	-0.00409759			-0.004135701
3.5975	-0.00408297			-0.004121809
3.6025	-0.00406844			-0.004108011
3.6075	-0.00405402			-0.004094306
3.6125	-0.00403969			-0.004080695
3.6175	-0.00402547			-0.004067176
3.6225	-0.00401134			-0.004053749
3.6275	-0.0039973			-0.004040411
3.6325	-0.00398337			-0.004027163
3.6375	-0.00396952			-0.004014003
3.6425	-0.00395577			-0.00400093
3.6475	-0.00394212			-0.003987945
3.6525	-0.00392855			-0.003975045
3.6575	-0.00391508			-0.00396223
3.6625	-0.00390169			-0.0039495
3.6675	-0.0038884			-0.003936853
3.6725	-0.00387519			-0.003924288
3.6775	-0.00386207			-0.003911805
3.6825	-0.00384904			-0.003899403
3.6875	-0.00383609			-0.003887081
3.6925	-0.00382323			-0.003874839
3.6975	-0.00381045			-0.003862675
3.7025	-0.00379776			-0.003850589
3.7075	-0.00378515			-0.00383858
3.7125	-0.00377262			-0.003826647
3.7175	-0.00376017			-0.00381479
3.7225	-0.0037478			-0.003803008
3.7275	-0.00373551			-0.0037913
3.7325	-0.00372329			-0.003779665
3.7375	-0.00371116			-0.003768104
3.7425	-0.0036991			-0.003756614
3.7475	-0.00368712			-0.003745196
3.7525	-0.00367521			-0.003733849
3.7575	-0.00366338			-0.003722571
3.7625	-0.00365163			-0.003711363
3.7675	-0.00363994			-0.003700224
3.7725	-0.00362833			-0.003689153
3.7775	-0.0036168			-0.00367815
3.7825	-0.00360533			-0.003667213
3.7875	-0.00359393			-0.003656343
3.7925	-0.00358261			-0.003645538
3.7975	-0.00357135			-0.003634798
3.8025	-0.00356016			-0.003624123
3.8075	-0.00354904			-0.003613511
3.8125	-0.00353799			-0.003602963
3.8175	-0.00352701			-0.003592477
3.8225	-0.00351609			-0.003582054
3.8275	-0.00350524			-0.003571692
3.8325	-0.00349445			-0.003561391
3.8375	-0.00348373			-0.00355115
3.8425	-0.00347307			-0.00354097
3.8475	-0.00346247			-0.003530848
3.8525	-0.00345194			-0.003520786
3.8575	-0.00344147			-0.003510781
3.8625	-0.00343106			-0.003500835
3.8675	-0.00342071			-0.003490945
3.8725	-0.00341042			-0.003481113
3.8775	-0.0034002			-0.003471336
3.8825	-0.00339003			-0.003461616
3.8875	-0.00337992			-0.00345195
3.8925	-0.00336987			-0.003442339
3.8975	-0.00335988			-0.003432783
3.9025	-0.00334994			-0.00342328
3.9075	-0.00334006			-0.003413831
3.9125	-0.00333024			-0.003404434
3.9175	-0.00332048			-0.00339509
3.9225	-0.00331077			-0.003385798
3.9275	-0.00330111			-0.003376557
3.9325	-0.00329151			-0.003367367
3.9375	-0.00328196			-0.003358228
3.9425	-0.00327247			-0.003349139
3.9475	-0.00326303			-0.003340099
3.9525	-0.00325364			-0.003331109
3.9575	-0.00324431			-0.003322168
3.9625	-0.00323502			-0.003313275
3.9675	-0.00322579			-0.003304431
3.9725	-0.00321661			-0.003295633
3.9775	-0.00320748			-0.003286884
3.9825	-0.0031984			-0.00327818
3.9875	-0.00318937			-0.003269524
3.9925	-0.00318039			-0.003260913
3.9975	-0.00317145			-0.003252348
4.0025	-0.00316257			-0.003243829
4.0075	-0.00315373			-0.003235354
4.0125	-0.00314494			-0.003226923
4.0175	-0.0031362			-0.003218537
4.0225	-0.00312751			-0.003210195
4.0275	-0.00311886			-0.003201896
4.0325	-0.00311025			-0.00319364
4.0375	-0.0031017			-0.003185427
4.0425	-0.00309318			-0.003177256
4.0475	-0.00308472			-0.003169127
4.0525	-0.00307629			-0.00316104
4.0575	-0.00306791			-0.003152994
4.0625	-0.00305958			-0.003144989
4.0675	-0.00305129			-0.003137025
4.0725	-0.00304304			-0.003129101
4.0775	-0.00303483			-0.003121217
4.0825	-0.00302667			-0.003113373
4.0875	-0.00301855			-0.003105568
4.0925	-0.00301047			-0.003097802
4.0975	-0.00300243			-0.003090075
4.1025	-0.00299443			-0.003082386
4.1075	-0.00298648			-0.003074735
4.1125	-0.00297856			-0.003067123
4.1175	-0.00297069			-0.003059547
4.1225	-0.00296285			-0.003052009
4.1275	-0.00295505			-0.003044508
4.1325	-0.0029473			-0.003037043
4.1375	-0.00293958			-0.003029615
4.1425	-0.0029319			-0.003022223
4.1475	-0.00292426			-0.003014867
4.1525	-0.00291665			-0.003007546
4.1575	-0.00290908			-0.00300026
4.1625	-0.00290156			-0.00299301
4.1675	-0.00289406			-0.002985794
4.1725	-0.00288661			-0.002978612
4.1775	-0.00287919			-0.002971465
4.1825	-0.00287181			-0.002964351
4.1875	-0.00286446			-0.002957271
4.1925	-0.00285715			-0.002950225
4.1975	-0.00284987			-0.002943211
4.2025	-0.00284263			-0.002936231
4.2075	-0.00283543			-0.002929283
4.2125	-0.00282826			-0.002922367
4.2175	-0.00282112			-0.002915484
4.2225	-0.00281402			-0.002908632
4.2275	-0.00280695			-0.002901812
4.2325	-0.00279991			-0.002895024
4.2375	-0.00279291			-0.002888266
4.2425	-0.00278594			-0.00288154
4.2475	-0.00277901			-0.002874845
4.2525	-0.0027721			-0.002868179
4.2575	-0.00276523			-0.002861545
4.2625	-0.00275839			-0.00285494
4.2675	-0.00275159			-0.002848365
4.2725	-0.00274481			-0.002841819
4.2775	-0.00273807			-0.002835303
4.2825	-0.00273135			-0.002828817
4.2875	-0.00272467			-0.002822359
4.2925	-0.00271802			-0.00281593
4.2975	-0.0027114			-0.002809529
4.3025	-0.00270481			-0.002803157
4.3075	-0.00269825			-0.002796813
4.3125	-0.00269172			-0.002790497
4.3175	-0.00268522			-0.002784208
4.3225	-0.00267875			-0.002777947
4.3275	-0.0026723			-0.002771714
4.3325	-0.00266589			-0.002765508
4.3375	-0.00265951			-0.002759328
4.3425	-0.00265315			-0.002753176
4.3475	-0.00264682			-0.002747049
4.3525	-0.00264052			-0.00274095
4.3575	-0.00263425			-0.002734876
4.3625	-0.00262801			-0.002728829
4.3675	-0.00262179			-0.002722807
4.3725	-0.0026156			-0.002716812
4.3775	-0.00260944			-0.002710841
4.3825	-0.00260331			-0.002704896
4.3875	-0.0025972			-0.002698976
4.3925	-0.00259112			-0.002693081
4.3975	-0.00258507			-0.002687211
4.4025	-0.00257904			-0.002681365
4.4075	-0.00257304			-0.002675544
4.4125	-0.00256706			-0.002669747
4.4175	-0.00256111			-0.002663975
4.4225	-0.00255519			-0.002658226
4.4275	-0.00254929			-0.002652501
4.4325	-0.00254341			-0.0026468
4.4375	-0.00253756			-0.002641122
4.4425	-0.00253174			-0.002635467
4.4475	-0.00252594			-0.002629836
4.4525	-0.00252017			-0.002624228
4.4575	-0.00251442			-0.002618642
4.4625	-0.00250869			-0.002613079
4.4675	-0.00250299			-0.002607539
4.4725	-0.00249731			-0.002602021
4.4775	-0.00249166			-0.002596526
4.4825	-0.00248603			-0.002591052
4.4875	-0.00248042			-0.002585601
4.4925	-0.00247484			-0.002580171
4.4975	-0.00246928			-0.002574764
4.5025	-0.00246374			-0.002569377
4.5075	-0.00245822			-0.002564012
4.5125	-0.00245273			-0.002558669
4.5175	-0.00244726			-0.002553346
4.5225	-0.00244182			-0.002548044
4.5275	-0.00243639			-0.002542764
4.5325	-0.00243099			-0.002537504
4.5375	-0.00242561			-0.002532264
4.5425	-0.00242025			-0.002527046
4.5475	-0.00241491			-0.002521847
4.5525	-0.0024096			-0.002516669
4.5575	-0.0024043			-0.00251151
4.5625	-0.00239903			-0.002506372
4.5675	-0.00239378			-0.002501254
4.5725	-0.00238855			-0.002496155
4.5775	-0.00238334			-0.002491076
4.5825	-0.00237815			-0.002486016
4.5875	-0.00237298			-0.002480975
4.5925	-0.00236784			-0.002475954
4.5975	-0.00236271			-0.002470952
4.6025	-0.0023576			-0.002465969
4.6075	-0.00235251			-0.002461005
4.6125	-0.00234745			-0.002456059
4.6175	-0.0023424			-0.002451133
4.6225	-0.00233737			-0.002446224
4.6275	-0.00233236			-0.002441334
4.6325	-0.00232738			-0.002436463
4.6375	-0.00232241			-0.002431609
4.6425	-0.00231746			-0.002426774
4.6475	-0.00231253			-0.002421957
4.6525	-0.00230762			-0.002417157
4.6575	-0.00230272			-0.002412375
4.6625	-0.00229785			-0.002407611
4.6675	-0.002293			-0.002402865
4.6725	-0.00228816			-0.002398135
4.6775	-0.00228334			-0.002393424
4.6825	-0.00227854			-0.002388729
4.6875	-0.00227376			-0.002384052
4.6925	-0.002269			-0.002379391
4.6975	-0.00226425			-0.002374748
4.7025	-0.00225953			-0.002370121
4.7075	-0.00225482			-0.002365511
4.7125	-0.00225013			-0.002360918
4.7175	-0.00224545			-0.002356341
4.7225	-0.0022408			-0.002351781
4.7275	-0.00223616			-0.002347237
4.7325	-0.00223154			-0.002342709
4.7375	-0.00222693			-0.002338198
4.7425	-0.00222235			-0.002333702
4.7475	-0.00221777			-0.002329223
4.7525	-0.00221322			-0.002324759
4.7575	-0.00220869			-0.002320311
4.7625	-0.00220417			-0.002315879
4.7675	-0.00219966			-0.002311463
4.7725	-0.00219518			-0.002307062
4.7775	-0.00219071			-0.002302676
4.7825	-0.00218625			-0.002298306
4.7875	-0.00218181			-0.002293951
4.7925	-0.00217739			-0.002289611
4.7975	-0.00217299			-0.002285287
4.8025	-0.0021686			-0.002280977
4.8075	-0.00216423			-0.002276682
4.8125	-0.00215987			-0.002272402
4.8175	-0.00215553			-0.002268137
4.8225	-0.0021512			-0.002263887
4.8275	-0.00214689			-0.002259651
4.8325	-0.00214259			-0.00225543
4.8375	-0.00213831			-0.002251223
4.8425	-0.00213405			-0.00224703
4.8475	-0.0021298			-0.002242852
4.8525	-0.00212556			-0.002238688
4.8575	-0.00212135			-0.002234538
4.8625	-0.00211714			-0.002230402
4.8675	-0.00211295			-0.00222628
4.8725	-0.00210878			-0.002222173
4.8775	-0.00210462			-0.002218078
4.8825	-0.00210047			-0.002213998
4.8875	-0.00209634			-0.002209931
4.8925	-0.00209222			-0.002205878
4.8975	-0.00208812			-0.002201839
4.9025	-0.00208403			-0.002197812
4.9075	-0.00207996			-0.0021938
4.9125	-0.0020759			-0.0021898
4.9175	-0.00207186			-0.002185814
4.9225	-0.00206782			-0.002181841
4.9275	-0.00206381			-0.002177881
4.9325	-0.0020598			-0.002173934
4.9375	-0.00205581			-0.002170001
4.9425	-0.00205184			-0.00216608
4.9475	-0.00204788			-0.002162172
4.9525	-0.00204393			-0.002158276
4.9575	-0.00203999			-0.002154394
4.9625	-0.00203607			-0.002150524
4.9675	-0.00203216			-0.002146666
4.9725	-0.00202827			-0.002142821
4.9775	-0.00202438			-0.002138989
4.9825	-0.00202051			-0.002135169
4.9875	-0.00201666			-0.002131361
4.9925	-0.00201282			-0.002127565
4.9975	-0.00200899			-0.002123782
5.0025	-0.00200517			-0.002120011
5.0075	-0.00200136			-0.002116252
5.0125	-0.00199757			-0.002112505
5.0175	-0.00199379			-0.002108769
5.0225	-0.00199003			-0.002105046
5.0275	-0.00198627			-0.002101335
5.0325	-0.00198253			-0.002097635
5.0375	-0.0019788			-0.002093947
5.0425	-0.00197509			-0.002090271
5.0475	-0.00197138			-0.002086606
5.0525	-0.00196769			-0.002082953
5.0575	-0.00196401			-0.002079311
5.0625	-0.00196034			-0.002075681
5.0675	-0.00195669			-0.002072062
5.0725	-0.00195304			-0.002068454
5.0775	-0.00194941			-0.002064858
5.0825	-0.00194579			-0.002061273
5.0875	-0.00194218			-0.002057699
5.0925	-0.00193859			-0.002054136
5.0975	-0.001935			-0.002050584
5.1025	-0.00193143			-0.002047043
5.1075	-0.00192787			-0.002043513
5.1125	-0.00192432			-0.002039994
5.1175	-0.00192078			-0.002036486
5.1225	-0.00191725			-0.002032988
5.1275	-0.00191374			-0.002029501
5.1325	-0.00191023			-0.002026025
5.1375	-0.00190674			-0.00202256
5.1425	-0.00190326			-0.002019105
5.1475	-0.00189979			-0.00201566
5.1525	-0.00189633			-0.002012226
5.1575	-0.00189288			-0.002008803
5.1625	-0.00188944			-0.00200539
5.1675	-0.00188601			-0.002001987
5.1725	-0.0018826			-0.001998594
5.1775	-0.00187919			-0.001995212
5.1825	-0.0018758			-0.00199184
5.1875	-0.00187241			-0.001988478
5.1925	-0.00186904			-0.001985126
5.1975	-0.00186568			-0.001981784
5.2025	-0.00186232			-0.001978452
5.2075	-0.00185898			-0.00197513
5.2125	-0.00185565			-0.001971818
5.2175	-0.00185233			-0.001968516
5.2225	-0.00184902			-0.001965223
5.2275	-0.00184572			-0.00196194
5.2325	-0.00184243			-0.001958667
5.2375	-0.00183915			-0.001955404
5.2425	-0.00183588			-0.00195215
5.2475	-0.00183262			-0.001948906
5.2525	-0.00182937			-0.001945672
5.2575	-0.00182613			-0.001942447
5.2625	-0.0018229			-0.001939231
5.2675	-0.00181968			-0.001936025
5.2725	-0.00181647			-0.001932828
5.2775	-0.00181327			-0.00192964
5.2825	-0.00181008			-0.001926462
5.2875	-0.0018069			-0.001923293
5.2925	-0.00180373			-0.001920133
5.2975	-0.00180057			-0.001916983
5.3025	-0.00179742			-0.001913841
5.3075	-0.00179428			-0.001910708
5.3125	-0.00179115			-0.001907585
5.3175	-0.00178803			-0.001904471
5.3225	-0.00178491			-0.001901365
5.3275	-0.00178181			-0.001898268
5.3325	-0.00177871			-0.001895181
5.3375	-0.00177563			-0.001892102
5.3425	-0.00177255			-0.001889032
5.3475	-0.00176949			-0.00188597
5.3525	-0.00176643			-0.001882918
5.3575	-0.00176338			-0.001879874
5.3625	-0.00176034			-0.001876839
5.3675	-0.00175731			-0.001873812
5.3725	-0.00175429			-0.001870794
5.3775	-0.00175128			-0.001867784
5.3825	-0.00174827			-0.001864783
5.3875	-0.00174528			-0.00186179
5.3925	-0.00174229			-0.001858806
5.3975	-0.00173932			-0.00185583
5.4025	-0.00173635			-0.001852863
5.4075	-0.00173339			-0.001849904
5.4125	-0.00173044			-0.001846953
5.4175	-0.0017275			-0.00184401
5.4225	-0.00172456			-0.001841076
5.4275	-0.00172164			-0.001838149
5.4325	-0.00171872			-0.001835231
5.4375	-0.00171581			-0.001832321
5.4425	-0.00171291			-0.001829419
5.4475	-0.00171002			-0.001826525
5.4525	-0.00170714			-0.001823639
5.4575	-0.00170427			-0.001820761
5.4625	-0.0017014			-0.001817891
5.4675	-0.00169854			-0.001815029
5.4725	-0.00169569			-0.001812175
5.4775	-0.00169285			-0.001809328
5.4825	-0.00169002			-0.00180649
5.4875	-0.0016872			-0.001803659
5.4925	-0.00168438			-0.001800835
5.4975	-0.00168157			-0.00179802
5.5025	-0.00167877			-0.001795212
5.5075	-0.00167598			-0.001792412
5.5125	-0.00167319			-0.001789619
5.5175	-0.00167042			-0.001786835
5.5225	-0.00166765			-0.001784057
5.5275	-0.00166489			-0.001781287
5.5325	-0.00166213			-0.001778525
5.5375	-0.00165939			-0.00177577
5.5425	-0.00165665			-0.001773022
5.5475	-0.00165392			-0.001770282
5.5525	-0.0016512			-0.001767549
5.5575	-0.00164849			-0.001764824
5.5625	-0.00164578			-0.001762105
5.5675	-0.00164308			-0.001759395
5.5725	-0.00164039			-0.001756691
5.5775	-0.00163771			-0.001753994
5.5825	-0.00163503			-0.001751305
5.5875	-0.00163236			-0.001748623
5.5925	-0.0016297			-0.001745948
5.5975	-0.00162705			-0.00174328
5.6025	-0.0016244			-0.001740619
5.6075	-0.00162176			-0.001737965
5.6125	-0.00161913			-0.001735319
5.6175	-0.0016165			-0.001732679
5.6225	-0.00161389			-0.001730046
5.6275	-0.00161128			-0.00172742
5.6325	-0.00160867			-0.001724801
5.6375	-0.00160608			-0.001722189
5.6425	-0.00160349			-0.001719583
5.6475	-0.00160091			-0.001716985
5.6525	-0.00159833			-0.001714393
5.6575	-0.00159577			-0.001711808
5.6625	-0.0015932			-0.00170923
5.6675	-0.00159065			-0.001706659
5.6725	-0.00158811			-0.001704094
5.6775	-0.00158557			-0.001701536
5.6825	-0.00158303			-0.001698984
5.6875	-0.00158051			-0.001696439
5.6925	-0.00157799			-0.001693901
5.6975	-0.00157548			-0.001691369
5.7025	-0.00157297			-0.001688844
5.7075	-0.00157047			-0.001686325
5.7125	-0.00156798			-0.001683813
5.7175	-0.0015655			-0.001681307
5.7225	-0.00156302			-0.001678808
5.7275	-0.00156055			-0.001676315
5.7325	-0.00155808			-0.001673828
5.7375	-0.00155563			-0.001671348
5.7425	-0.00155317			-0.001668874
5.7475	-0.00155073			-0.001666406
5.7525	-0.00154829			-0.001663945
5.7575	-0.00154586			-0.00166149
5.7625	-0.00154343			-0.001659041
5.7675	-0.00154101			-0.001656599
5.7725	-0.0015386			-0.001654162
5.7775	-0.0015362			-0.001651732
5.7825	-0.0015338			-0.001649308
5.7875	-0.0015314			-0.00164689
5.7925	-0.00152902			-0.001644478
5.7975	-0.00152664			-0.001642072
5.8025	-0.00152426			-0.001639672
5.8075	-0.00152189			-0.001637278
5.8125	-0.00151953			-0.001634891
5.8175	-0.00151717			-0.001632509
5.8225	-0.00151483			-0.001630133
5.8275	-0.00151248			-0.001627763
5.8325	-0.00151014			-0.001625399
5.8375	-0.00150781			-0.001623041
5.8425	-0.00150549			-0.001620689
5.8475	-0.00150317			-0.001618343
5.8525	-0.00150086			-0.001616002
5.8575	-0.00149855			-0.001613667
5.8625	-0.00149625			-0.001611338
5.8675	-0.00149395			-0.001609015
5.8725	-0.00149167			-0.001606698
5.8775	-0.00148938			-0.001604386
5.8825	-0.00148711			-0.00160208
5.8875	-0.00148483			-0.001599779
5.8925	-0.00148257			-0.001597485
5.8975	-0.00148031			-0.001595196
5.9025	-0.00147806			-0.001592912
5.9075	-0.00147581			-0.001590634
5.9125	-0.00147357			-0.001588362
5.9175	-0.00147133			-0.001586095
5.9225	-0.0014691			-0.001583834
5.9275	-0.00146687			-0.001581578
5.9325	-0.00146466			-0.001579328
5.9375	-0.00146244			-0.001577083
5.9425	-0.00146023			-0.001574844
5.9475	-0.00145803			-0.00157261
5.9525	-0.00145584			-0.001570382
5.9575	-0.00145364			-0.001568159
5.9625	-0.00145146			-0.001565941
5.9675	-0.00144928			-0.001563729
5.9725	-0.00144711			-0.001561522
5.9775	-0.00144494			-0.00155932
5.9825	-0.00144277			-0.001557124
5.9875	-0.00144061			-0.001554933
5.9925	-0.00143846			-0.001552747
5.9975	-0.00143632			-0.001550566
