Graph addvar/addexpr lines
1 1201
x MYSA[30].vext[0]( 0.5 )
0	0
0.005	0.00132932
0.01	0.00215734
0.015	0.0026939
0.02	0.00304899
0.025	0.00329019
0.03	0.00345955
0.035	0.00358325
0.04	0.00367763
0.045	0.00375288
0.05	0.00381538
0.055	0.00386914
0.06	0.0039167
0.065	0.00395966
0.07	0.00399907
0.075	0.0040356
0.08	0.00406971
0.085	0.00410172
0.09	0.00413185
0.095	0.00416028
0.1	0.00418713
0.105	0.00421252
0.11	0.00423654
0.115	0.00425928
0.12	0.00428081
0.125	0.0043012
0.13	0.00432051
0.135	0.0043388
0.14	0.00435614
0.145	0.00437256
0.15	0.00438813
0.155	0.00440288
0.16	0.00441687
0.165	0.00443013
0.17	0.00444271
0.175	0.00445464
0.18	0.00446595
0.185	0.00447669
0.19	0.00448687
0.195	0.00449655
0.2	0.00450573
0.205	0.00451445
0.21	0.00452273
0.215	0.0045306
0.22	0.00453807
0.225	0.00454518
0.23	0.00455194
0.235	0.00455836
0.24	0.00456448
0.245	0.00457029
0.25	0.00457583
0.255	0.0045811
0.26	0.00458612
0.265	0.0045909
0.27	0.00459545
0.275	0.00459979
0.28	0.00460393
0.285	0.00460787
0.29	0.00461163
0.295	0.00461522
0.3	0.00461865
0.305	0.00462192
0.31	0.00462504
0.315	0.00462802
0.32	0.00463086
0.325	0.00463358
0.33	0.00463618
0.335	0.00463866
0.34	0.00464104
0.345	0.00464331
0.35	0.00464548
0.355	0.00464755
0.36	0.00464954
0.365	0.00465144
0.37	0.00465326
0.375	0.004655
0.38	0.00465667
0.385	0.00465827
0.39	0.0046598
0.395	0.00466126
0.4	0.00466266
0.405	0.00466401
0.41	0.0046653
0.415	0.00466653
0.42	0.00466771
0.425	0.00466884
0.43	0.00466993
0.435	0.00467097
0.44	0.00467196
0.445	0.00467292
0.45	0.00467383
0.455	0.0046747
0.46	0.00467554
0.465	0.00467635
0.47	0.00467712
0.475	0.00467785
0.48	0.00467856
0.485	0.00467923
0.49	0.00467988
0.495	0.00468049
0.5	0.00468109
0.505	0.00468165
0.51	0.00468219
0.515	0.00468271
0.52	0.0046832
0.525	0.00468367
0.53	0.00468412
0.535	0.00468454
0.54	0.00468495
0.545	0.00468534
0.55	0.00468571
0.555	0.00468606
0.56	0.00468639
0.565	0.00468671
0.57	0.00468701
0.575	0.00468729
0.58	0.00468756
0.585	0.00468781
0.59	0.00468805
0.595	0.00468828
0.6	0.00468849
0.605	0.00468869
0.61	0.00468887
0.615	0.00468905
0.62	0.00468921
0.625	0.00468936
0.63	0.00468949
0.635	0.00468962
0.64	0.00468974
0.645	0.00468984
0.65	0.00468994
0.655	0.00469003
0.66	0.0046901
0.665	0.00469017
0.67	0.00469023
0.675	0.00469028
0.68	0.00469032
0.685	0.00469035
0.69	0.00469038
0.695	0.0046904
0.7	0.00469041
0.705	0.00469041
0.71	0.0046904
0.715	0.00469039
0.72	0.00469037
0.725	0.00469035
0.73	0.00469031
0.735	0.00469028
0.74	0.00469023
0.745	0.00469018
0.75	0.00469012
0.755	0.00469006
0.76	0.00468999
0.765	0.00468992
0.77	0.00468984
0.775	0.00468976
0.78	0.00468967
0.785	0.00468958
0.79	0.00468948
0.795	0.00468937
0.8	0.00468927
0.805	0.00468915
0.81	0.00468904
0.815	0.00468892
0.82	0.00468879
0.825	0.00468866
0.83	0.00468853
0.835	0.00468839
0.84	0.00468825
0.845	0.00468811
0.85	0.00468796
0.855	0.00468781
0.86	0.00468765
0.865	0.00468749
0.87	0.00468733
0.875	0.00468717
0.88	0.004687
0.885	0.00468683
0.89	0.00468665
0.895	0.00468647
0.9	0.00468629
0.905	0.00468611
0.91	0.00468593
0.915	0.00468574
0.92	0.00468555
0.925	0.00468535
0.93	0.00468516
0.935	0.00468496
0.94	0.00468476
0.945	0.00468456
0.95	0.00468435
0.955	0.00468414
0.96	0.00468394
0.965	0.00468372
0.97	0.00468351
0.975	0.00468329
0.98	0.00468308
0.985	0.00468286
0.99	0.00468264
0.995	0.00468241
1	0.00468219
1.005	0.00468198
1.01	0.0046819
1.015	0.00468225
1.02	0.00468369
1.025	0.00468726
1.03	0.00469439
1.035	0.00470678
1.04	0.00472632
1.045	0.00475504
1.05	0.00479507
1.055	0.0048487
1.06	0.00491847
1.065	0.00500725
1.07	0.00511837
1.075	0.00525578
1.08	0.00542422
1.085	0.0056293
1.09	0.00587775
1.095	0.0061776
1.1	0.00653861
1.105	0.00697249
1.11	0.00749314
1.115	0.00811705
1.12	0.00886425
1.125	0.00975903
1.13	0.0108303
1.135	0.0121118
1.14	0.0136442
1.145	0.0154773
1.15	0.0176715
1.155	0.020297
1.16	0.0234352
1.165	0.0271869
1.17	0.0316777
1.175	0.0370556
1.18	0.0434872
1.185	0.0511698
1.19	0.0603592
1.195	0.0713735
1.2	0.0845653
1.205	0.100319
1.21	0.119126
1.215	0.141663
1.22	0.168719
1.225	0.201076
1.23	0.239619
1.235	0.28567
1.24	0.341059
1.245	0.407589
1.25	0.486805
1.255	0.58091
1.26	0.69386
1.265	0.830428
1.27	0.993849
1.275	1.18684
1.28	1.41628
1.285	1.69469
1.29	2.03235
1.295	2.43127
1.3	2.89775
1.305	3.45857
1.31	4.15096
1.315	4.98348
1.32	5.94164
1.325	7.05973
1.33	8.44587
1.335	10.1815
1.34	12.1921
1.345	14.4203
1.35	17.0893
1.355	20.5712
1.36	24.848
1.365	29.3457
1.37	34.1151
1.375	40.2347
1.38	48.3376
1.385	56.3675
1.39	60.5721
1.395	60.7973
1.4	59.4501
1.405	58.136
1.41	57.0813
1.415	55.7905
1.42	54.1026
1.425	52.2652
1.43	50.5279
1.435	48.9515
1.44	47.4561
1.445	45.9831
1.45	44.5415
1.455	43.162
1.46	41.854
1.465	40.6013
1.47	39.3859
1.475	38.2016
1.48	37.0494
1.485	35.9296
1.49	34.8385
1.495	33.7711
1.5	32.7245
1.505	31.6981
1.51	30.6916
1.515	29.7044
1.52	28.7358
1.525	27.7851
1.53	26.8524
1.535	25.9381
1.54	25.0423
1.545	24.1654
1.55	23.3077
1.555	22.4693
1.56	21.6508
1.565	20.8524
1.57	20.0745
1.575	19.3172
1.58	18.5808
1.585	17.8653
1.59	17.1709
1.595	16.4974
1.6	15.8449
1.605	15.2132
1.61	14.6021
1.615	14.0114
1.62	13.4407
1.625	12.8897
1.63	12.3581
1.635	11.8454
1.64	11.3512
1.645	10.8751
1.65	10.4165
1.655	9.97493
1.66	9.55
1.665	9.14117
1.67	8.74795
1.675	8.36987
1.68	8.00644
1.685	7.65719
1.69	7.32166
1.695	6.9994
1.7	6.68996
1.705	6.3929
1.71	6.1078
1.715	5.83425
1.72	5.57183
1.725	5.32014
1.73	5.07881
1.735	4.84743
1.74	4.62565
1.745	4.41309
1.75	4.20939
1.755	4.01421
1.76	3.8272
1.765	3.64803
1.77	3.47638
1.775	3.31191
1.78	3.15434
1.785	3.00336
1.79	2.85867
1.795	2.72001
1.8	2.58709
1.805	2.45967
1.81	2.33748
1.815	2.22029
1.82	2.10788
1.825	2.00002
1.83	1.89649
1.835	1.79711
1.84	1.70168
1.845	1.61001
1.85	1.52195
1.855	1.43732
1.86	1.35597
1.865	1.27776
1.87	1.20254
1.875	1.13019
1.88	1.06059
1.885	0.993604
1.89	0.929137
1.895	0.86708
1.9	0.807334
1.905	0.749807
1.91	0.694409
1.915	0.641057
1.92	0.589672
1.925	0.540177
1.93	0.492502
1.935	0.446577
1.94	0.40234
1.945	0.359728
1.95	0.318682
1.955	0.279146
1.96	0.241067
1.965	0.204394
1.97	0.169077
1.975	0.13507
1.98	0.102328
1.985	0.0708072
1.99	0.0404665
1.995	0.0112657
2	-0.0168335
2.005	-0.0438681
2.01	-0.069874
2.015	-0.0948854
2.02	-0.118936
2.025	-0.142057
2.03	-0.16428
2.035	-0.185636
2.04	-0.206152
2.045	-0.225857
2.05	-0.244779
2.055	-0.262943
2.06	-0.280375
2.065	-0.297099
2.07	-0.31314
2.075	-0.32852
2.08	-0.343263
2.085	-0.357389
2.09	-0.370919
2.095	-0.383874
2.1	-0.396274
2.105	-0.408138
2.11	-0.419484
2.115	-0.43033
2.12	-0.440694
2.125	-0.450592
2.13	-0.46004
2.135	-0.469055
2.14	-0.477652
2.145	-0.485845
2.15	-0.493648
2.155	-0.501077
2.16	-0.508143
2.165	-0.51486
2.17	-0.52124
2.175	-0.527296
2.18	-0.533039
2.185	-0.538481
2.19	-0.543632
2.195	-0.548503
2.2	-0.553105
2.205	-0.557447
2.21	-0.561539
2.215	-0.56539
2.22	-0.56901
2.225	-0.572405
2.23	-0.575586
2.235	-0.57856
2.24	-0.581335
2.245	-0.583918
2.25	-0.586317
2.255	-0.588539
2.26	-0.59059
2.265	-0.592476
2.27	-0.594205
2.275	-0.595783
2.28	-0.597214
2.285	-0.598505
2.29	-0.599661
2.295	-0.600688
2.3	-0.60159
2.305	-0.602373
2.31	-0.603041
2.315	-0.603599
2.32	-0.604051
2.325	-0.604401
2.33	-0.604653
2.335	-0.604812
2.34	-0.604881
2.345	-0.604864
2.35	-0.604764
2.355	-0.604585
2.36	-0.60433
2.365	-0.604002
2.37	-0.603604
2.375	-0.60314
2.38	-0.602611
2.385	-0.60202
2.39	-0.601371
2.395	-0.600666
2.4	-0.599907
2.405	-0.599096
2.41	-0.598236
2.415	-0.59733
2.42	-0.596378
2.425	-0.595383
2.43	-0.594347
2.435	-0.593272
2.44	-0.59216
2.445	-0.591011
2.45	-0.589829
2.455	-0.588615
2.46	-0.58737
2.465	-0.586095
2.47	-0.584793
2.475	-0.583464
2.48	-0.582109
2.485	-0.580731
2.49	-0.57933
2.495	-0.577908
2.5	-0.576465
2.505	-0.575002
2.51	-0.573522
2.515	-0.572024
2.52	-0.57051
2.525	-0.568981
2.53	-0.567437
2.535	-0.56588
2.54	-0.564309
2.545	-0.562727
2.55	-0.561134
2.555	-0.55953
2.56	-0.557917
2.565	-0.556295
2.57	-0.554664
2.575	-0.553025
2.58	-0.55138
2.585	-0.549727
2.59	-0.548069
2.595	-0.546405
2.6	-0.544737
2.605	-0.543064
2.61	-0.541387
2.615	-0.539706
2.62	-0.538023
2.625	-0.536337
2.63	-0.534649
2.635	-0.532958
2.64	-0.531267
2.645	-0.529574
2.65	-0.527881
2.655	-0.526187
2.66	-0.524493
2.665	-0.5228
2.67	-0.521106
2.675	-0.519414
2.68	-0.517723
2.685	-0.516033
2.69	-0.514345
2.695	-0.512658
2.7	-0.510974
2.705	-0.509292
2.71	-0.507612
2.715	-0.505935
2.72	-0.504261
2.725	-0.50259
2.73	-0.500922
2.735	-0.499257
2.74	-0.497597
2.745	-0.495939
2.75	-0.494286
2.755	-0.492637
2.76	-0.490992
2.765	-0.489351
2.77	-0.487714
2.775	-0.486082
2.78	-0.484455
2.785	-0.482832
2.79	-0.481214
2.795	-0.479601
2.8	-0.477993
2.805	-0.47639
2.81	-0.474793
2.815	-0.4732
2.82	-0.471613
2.825	-0.470032
2.83	-0.468455
2.835	-0.466885
2.84	-0.46532
2.845	-0.46376
2.85	-0.462206
2.855	-0.460658
2.86	-0.459116
2.865	-0.45758
2.87	-0.456049
2.875	-0.454525
2.88	-0.453006
2.885	-0.451494
2.89	-0.449987
2.895	-0.448487
2.9	-0.446992
2.905	-0.445504
2.91	-0.444022
2.915	-0.442546
2.92	-0.441076
2.925	-0.439612
2.93	-0.438154
2.935	-0.436703
2.94	-0.435258
2.945	-0.433819
2.95	-0.432387
2.955	-0.43096
2.96	-0.42954
2.965	-0.428126
2.97	-0.426719
2.975	-0.425317
2.98	-0.423922
2.985	-0.422534
2.99	-0.421151
2.995	-0.419775
3	-0.418405
3.005	-0.417041
3.01	-0.415684
3.015	-0.414333
3.02	-0.412988
3.025	-0.411649
3.03	-0.410317
3.035	-0.40899
3.04	-0.40767
3.045	-0.406356
3.05	-0.405049
3.055	-0.403747
3.06	-0.402452
3.065	-0.401163
3.07	-0.39988
3.075	-0.398603
3.08	-0.397332
3.085	-0.396068
3.09	-0.394809
3.095	-0.393556
3.1	-0.39231
3.105	-0.391069
3.11	-0.389835
3.115	-0.388607
3.12	-0.387384
3.125	-0.386168
3.13	-0.384957
3.135	-0.383752
3.14	-0.382554
3.145	-0.381361
3.15	-0.380174
3.155	-0.378993
3.16	-0.377817
3.165	-0.376648
3.17	-0.375484
3.175	-0.374326
3.18	-0.373174
3.185	-0.372028
3.19	-0.370887
3.195	-0.369752
3.2	-0.368622
3.205	-0.367499
3.21	-0.36638
3.215	-0.365268
3.22	-0.364161
3.225	-0.363059
3.23	-0.361963
3.235	-0.360873
3.24	-0.359788
3.245	-0.358708
3.25	-0.357634
3.255	-0.356566
3.26	-0.355502
3.265	-0.354445
3.27	-0.353392
3.275	-0.352345
3.28	-0.351303
3.285	-0.350266
3.29	-0.349235
3.295	-0.348209
3.3	-0.347188
3.305	-0.346172
3.31	-0.345161
3.315	-0.344156
3.32	-0.343155
3.325	-0.34216
3.33	-0.34117
3.335	-0.340185
3.34	-0.339205
3.345	-0.338229
3.35	-0.337259
3.355	-0.336294
3.36	-0.335334
3.365	-0.334378
3.37	-0.333428
3.375	-0.332482
3.38	-0.331541
3.385	-0.330605
3.39	-0.329674
3.395	-0.328748
3.4	-0.327826
3.405	-0.326909
3.41	-0.325997
3.415	-0.325089
3.42	-0.324186
3.425	-0.323288
3.43	-0.322394
3.435	-0.321505
3.44	-0.32062
3.445	-0.31974
3.45	-0.318865
3.455	-0.317994
3.46	-0.317127
3.465	-0.316265
3.47	-0.315407
3.475	-0.314554
3.48	-0.313705
3.485	-0.312861
3.49	-0.312021
3.495	-0.311185
3.5	-0.310353
3.505	-0.309526
3.51	-0.308703
3.515	-0.307884
3.52	-0.30707
3.525	-0.306259
3.53	-0.305453
3.535	-0.304651
3.54	-0.303853
3.545	-0.303059
3.55	-0.302269
3.555	-0.301484
3.56	-0.300702
3.565	-0.299925
3.57	-0.299151
3.575	-0.298381
3.58	-0.297616
3.585	-0.296854
3.59	-0.296096
3.595	-0.295342
3.6	-0.294592
3.605	-0.293846
3.61	-0.293104
3.615	-0.292365
3.62	-0.29163
3.625	-0.290899
3.63	-0.290172
3.635	-0.289449
3.64	-0.288729
3.645	-0.288013
3.65	-0.287301
3.655	-0.286592
3.66	-0.285887
3.665	-0.285186
3.67	-0.284488
3.675	-0.283794
3.68	-0.283103
3.685	-0.282416
3.69	-0.281733
3.695	-0.281053
3.7	-0.280376
3.705	-0.279703
3.71	-0.279033
3.715	-0.278367
3.72	-0.277704
3.725	-0.277045
3.73	-0.276389
3.735	-0.275737
3.74	-0.275087
3.745	-0.274441
3.75	-0.273799
3.755	-0.273159
3.76	-0.272523
3.765	-0.271891
3.77	-0.271261
3.775	-0.270635
3.78	-0.270012
3.785	-0.269392
3.79	-0.268775
3.795	-0.268162
3.8	-0.267551
3.805	-0.266944
3.81	-0.26634
3.815	-0.265739
3.82	-0.26514
3.825	-0.264546
3.83	-0.263954
3.835	-0.263365
3.84	-0.262779
3.845	-0.262196
3.85	-0.261616
3.855	-0.261039
3.86	-0.260465
3.865	-0.259894
3.87	-0.259326
3.875	-0.25876
3.88	-0.258198
3.885	-0.257638
3.89	-0.257082
3.895	-0.256528
3.9	-0.255977
3.905	-0.255429
3.91	-0.254883
3.915	-0.254341
3.92	-0.253801
3.925	-0.253264
3.93	-0.252729
3.935	-0.252197
3.94	-0.251668
3.945	-0.251142
3.95	-0.250618
3.955	-0.250097
3.96	-0.249579
3.965	-0.249063
3.97	-0.24855
3.975	-0.24804
3.98	-0.247532
3.985	-0.247027
3.99	-0.246524
3.995	-0.246024
4	-0.245526
4.005	-0.245031
4.01	-0.244538
4.015	-0.244048
4.02	-0.24356
4.025	-0.243075
4.03	-0.242592
4.035	-0.242112
4.04	-0.241634
4.045	-0.241158
4.05	-0.240685
4.055	-0.240214
4.06	-0.239746
4.065	-0.23928
4.07	-0.238816
4.075	-0.238355
4.08	-0.237896
4.085	-0.237439
4.09	-0.236985
4.095	-0.236533
4.1	-0.236083
4.105	-0.235635
4.11	-0.23519
4.115	-0.234747
4.12	-0.234306
4.125	-0.233867
4.13	-0.23343
4.135	-0.232996
4.14	-0.232564
4.145	-0.232134
4.15	-0.231706
4.155	-0.23128
4.16	-0.230857
4.165	-0.230435
4.17	-0.230016
4.175	-0.229599
4.18	-0.229184
4.185	-0.228771
4.19	-0.22836
4.195	-0.227951
4.2	-0.227544
4.205	-0.227139
4.21	-0.226736
4.215	-0.226335
4.22	-0.225936
4.225	-0.225539
4.23	-0.225144
4.235	-0.224751
4.24	-0.22436
4.245	-0.223971
4.25	-0.223584
4.255	-0.223198
4.26	-0.222815
4.265	-0.222433
4.27	-0.222054
4.275	-0.221676
4.28	-0.2213
4.285	-0.220926
4.29	-0.220554
4.295	-0.220184
4.3	-0.219815
4.305	-0.219449
4.31	-0.219084
4.315	-0.218721
4.32	-0.21836
4.325	-0.218
4.33	-0.217642
4.335	-0.217286
4.34	-0.216932
4.345	-0.21658
4.35	-0.216229
4.355	-0.21588
4.36	-0.215533
4.365	-0.215187
4.37	-0.214843
4.375	-0.214501
4.38	-0.21416
4.385	-0.213822
4.39	-0.213484
4.395	-0.213149
4.4	-0.212815
4.405	-0.212482
4.41	-0.212152
4.415	-0.211823
4.42	-0.211495
4.425	-0.211169
4.43	-0.210845
4.435	-0.210522
4.44	-0.210201
4.445	-0.209882
4.45	-0.209564
4.455	-0.209247
4.46	-0.208932
4.465	-0.208619
4.47	-0.208307
4.475	-0.207996
4.48	-0.207687
4.485	-0.20738
4.49	-0.207074
4.495	-0.20677
4.5	-0.206467
4.505	-0.206165
4.51	-0.205865
4.515	-0.205567
4.52	-0.20527
4.525	-0.204974
4.53	-0.20468
4.535	-0.204387
4.54	-0.204095
4.545	-0.203805
4.55	-0.203516
4.555	-0.203229
4.56	-0.202943
4.565	-0.202659
4.57	-0.202376
4.575	-0.202094
4.58	-0.201813
4.585	-0.201534
4.59	-0.201256
4.595	-0.20098
4.6	-0.200705
4.605	-0.200431
4.61	-0.200159
4.615	-0.199887
4.62	-0.199617
4.625	-0.199349
4.63	-0.199081
4.635	-0.198815
4.64	-0.198551
4.645	-0.198287
4.65	-0.198025
4.655	-0.197764
4.66	-0.197504
4.665	-0.197245
4.67	-0.196988
4.675	-0.196732
4.68	-0.196477
4.685	-0.196223
4.69	-0.195971
4.695	-0.195719
4.7	-0.195469
4.705	-0.19522
4.71	-0.194973
4.715	-0.194726
4.72	-0.194481
4.725	-0.194236
4.73	-0.193993
4.735	-0.193751
4.74	-0.19351
4.745	-0.193271
4.75	-0.193032
4.755	-0.192795
4.76	-0.192558
4.765	-0.192323
4.77	-0.192089
4.775	-0.191856
4.78	-0.191624
4.785	-0.191393
4.79	-0.191163
4.795	-0.190934
4.8	-0.190707
4.805	-0.19048
4.81	-0.190255
4.815	-0.19003
4.82	-0.189807
4.825	-0.189584
4.83	-0.189363
4.835	-0.189143
4.84	-0.188924
4.845	-0.188705
4.85	-0.188488
4.855	-0.188272
4.86	-0.188056
4.865	-0.187842
4.87	-0.187629
4.875	-0.187417
4.88	-0.187205
4.885	-0.186995
4.89	-0.186786
4.895	-0.186577
4.9	-0.18637
4.905	-0.186164
4.91	-0.185958
4.915	-0.185754
4.92	-0.18555
4.925	-0.185347
4.93	-0.185146
4.935	-0.184945
4.94	-0.184745
4.945	-0.184546
4.95	-0.184348
4.955	-0.184151
4.96	-0.183954
4.965	-0.183759
4.97	-0.183565
4.975	-0.183371
4.98	-0.183178
4.985	-0.182987
4.99	-0.182796
4.995	-0.182606
5	-0.182416
5.005	-0.182228
5.01	-0.182041
5.015	-0.181854
5.02	-0.181668
5.025	-0.181483
5.03	-0.181299
5.035	-0.181116
5.04	-0.180934
5.045	-0.180752
5.05	-0.180571
5.055	-0.180391
5.06	-0.180212
5.065	-0.180034
5.07	-0.179857
5.075	-0.17968
5.08	-0.179504
5.085	-0.179329
5.09	-0.179155
5.095	-0.178981
5.1	-0.178808
5.105	-0.178636
5.11	-0.178465
5.115	-0.178295
5.12	-0.178125
5.125	-0.177956
5.13	-0.177788
5.135	-0.177621
5.14	-0.177454
5.145	-0.177288
5.15	-0.177123
5.155	-0.176959
5.16	-0.176795
5.165	-0.176632
5.17	-0.17647
5.175	-0.176308
5.18	-0.176147
5.185	-0.175987
5.19	-0.175828
5.195	-0.175669
5.2	-0.175512
5.205	-0.175354
5.21	-0.175198
5.215	-0.175042
5.22	-0.174887
5.225	-0.174732
5.23	-0.174579
5.235	-0.174426
5.24	-0.174273
5.245	-0.174122
5.25	-0.17397
5.255	-0.17382
5.26	-0.17367
5.265	-0.173521
5.27	-0.173373
5.275	-0.173225
5.28	-0.173078
5.285	-0.172932
5.29	-0.172786
5.295	-0.172641
5.3	-0.172496
5.305	-0.172352
5.31	-0.172209
5.315	-0.172066
5.32	-0.171924
5.325	-0.171783
5.33	-0.171642
5.335	-0.171502
5.34	-0.171363
5.345	-0.171224
5.35	-0.171085
5.355	-0.170948
5.36	-0.170811
5.365	-0.170674
5.37	-0.170538
5.375	-0.170403
5.38	-0.170268
5.385	-0.170134
5.39	-0.17
5.395	-0.169867
5.4	-0.169735
5.405	-0.169603
5.41	-0.169472
5.415	-0.169341
5.42	-0.169211
5.425	-0.169082
5.43	-0.168953
5.435	-0.168824
5.44	-0.168696
5.445	-0.168569
5.45	-0.168442
5.455	-0.168316
5.46	-0.16819
5.465	-0.168065
5.47	-0.16794
5.475	-0.167816
5.48	-0.167693
5.485	-0.16757
5.49	-0.167447
5.495	-0.167325
5.5	-0.167204
5.505	-0.167083
5.51	-0.166963
5.515	-0.166843
5.52	-0.166723
5.525	-0.166605
5.53	-0.166486
5.535	-0.166368
5.54	-0.166251
5.545	-0.166134
5.55	-0.166018
5.555	-0.165902
5.56	-0.165787
5.565	-0.165672
5.57	-0.165557
5.575	-0.165443
5.58	-0.16533
5.585	-0.165217
5.59	-0.165105
5.595	-0.164993
5.6	-0.164881
5.605	-0.16477
5.61	-0.16466
5.615	-0.16455
5.62	-0.16444
5.625	-0.164331
5.63	-0.164222
5.635	-0.164114
5.64	-0.164006
5.645	-0.163899
5.65	-0.163792
5.655	-0.163685
5.66	-0.163579
5.665	-0.163474
5.67	-0.163369
5.675	-0.163264
5.68	-0.16316
5.685	-0.163056
5.69	-0.162953
5.695	-0.16285
5.7	-0.162747
5.705	-0.162645
5.71	-0.162544
5.715	-0.162442
5.72	-0.162342
5.725	-0.162241
5.73	-0.162141
5.735	-0.162042
5.74	-0.161943
5.745	-0.161844
5.75	-0.161746
5.755	-0.161648
5.76	-0.16155
5.765	-0.161453
5.77	-0.161357
5.775	-0.16126
5.78	-0.161164
5.785	-0.161069
5.79	-0.160974
5.795	-0.160879
5.8	-0.160785
5.805	-0.160691
5.81	-0.160597
5.815	-0.160504
5.82	-0.160412
5.825	-0.160319
5.83	-0.160227
5.835	-0.160136
5.84	-0.160044
5.845	-0.159954
5.85	-0.159863
5.855	-0.159773
5.86	-0.159683
5.865	-0.159594
5.87	-0.159505
5.875	-0.159416
5.88	-0.159328
5.885	-0.15924
5.89	-0.159152
5.895	-0.159065
5.9	-0.158978
5.905	-0.158892
5.91	-0.158806
5.915	-0.15872
5.92	-0.158634
5.925	-0.158549
5.93	-0.158464
5.935	-0.15838
5.94	-0.158296
5.945	-0.158212
5.95	-0.158129
5.955	-0.158046
5.96	-0.157963
5.965	-0.157881
5.97	-0.157799
5.975	-0.157717
5.98	-0.157635
5.985	-0.157554
5.99	-0.157474
5.995	-0.157393
6	-0.157313
0 unlabeled lines
