Graph addvar/addexpr lines
1 1201
x node[15].vext[0](1)
0	0
0.005	0.00033233
0.01	0.000539336
0.015	0.000673476
0.02	0.000762248
0.025	0.000822548
0.03	0.000864888
0.035	0.000895813
0.04	0.000919407
0.045	0.000938219
0.05	0.000953844
0.055	0.000967285
0.06	0.000979175
0.065	0.000989916
0.07	0.000999768
0.075	0.0010089
0.08	0.00101743
0.085	0.00102543
0.09	0.00103296
0.095	0.00104007
0.1	0.00104678
0.105	0.00105313
0.11	0.00105913
0.115	0.00106482
0.12	0.0010702
0.125	0.0010753
0.13	0.00108013
0.135	0.0010847
0.14	0.00108903
0.145	0.00109314
0.15	0.00109703
0.155	0.00110072
0.16	0.00110422
0.165	0.00110753
0.17	0.00111068
0.175	0.00111366
0.18	0.00111649
0.185	0.00111917
0.19	0.00112172
0.195	0.00112414
0.2	0.00112643
0.205	0.00112861
0.21	0.00113068
0.215	0.00113265
0.22	0.00113452
0.225	0.00113629
0.23	0.00113798
0.235	0.00113959
0.24	0.00114112
0.245	0.00114257
0.25	0.00114396
0.255	0.00114527
0.26	0.00114653
0.265	0.00114772
0.27	0.00114886
0.275	0.00114995
0.28	0.00115098
0.285	0.00115197
0.29	0.00115291
0.295	0.00115381
0.3	0.00115466
0.305	0.00115548
0.31	0.00115626
0.315	0.001157
0.32	0.00115772
0.325	0.00115839
0.33	0.00115904
0.335	0.00115967
0.34	0.00116026
0.345	0.00116083
0.35	0.00116137
0.355	0.00116189
0.36	0.00116239
0.365	0.00116286
0.37	0.00116332
0.375	0.00116375
0.38	0.00116417
0.385	0.00116457
0.39	0.00116495
0.395	0.00116532
0.4	0.00116567
0.405	0.001166
0.41	0.00116632
0.415	0.00116663
0.42	0.00116693
0.425	0.00116721
0.43	0.00116748
0.435	0.00116774
0.44	0.00116799
0.445	0.00116823
0.45	0.00116846
0.455	0.00116868
0.46	0.00116889
0.465	0.00116909
0.47	0.00116928
0.475	0.00116946
0.48	0.00116964
0.485	0.00116981
0.49	0.00116997
0.495	0.00117012
0.5	0.00117027
0.505	0.00117041
0.51	0.00117055
0.515	0.00117068
0.52	0.0011708
0.525	0.00117092
0.53	0.00117103
0.535	0.00117114
0.54	0.00117124
0.545	0.00117133
0.55	0.00117143
0.555	0.00117151
0.56	0.0011716
0.565	0.00117168
0.57	0.00117175
0.575	0.00117182
0.58	0.00117189
0.585	0.00117195
0.59	0.00117201
0.595	0.00117207
0.6	0.00117212
0.605	0.00117217
0.61	0.00117222
0.615	0.00117226
0.62	0.0011723
0.625	0.00117234
0.63	0.00117237
0.635	0.00117241
0.64	0.00117243
0.645	0.00117246
0.65	0.00117248
0.655	0.00117251
0.66	0.00117253
0.665	0.00117254
0.67	0.00117256
0.675	0.00117257
0.68	0.00117258
0.685	0.00117259
0.69	0.00117259
0.695	0.0011726
0.7	0.0011726
0.705	0.0011726
0.71	0.0011726
0.715	0.0011726
0.72	0.00117259
0.725	0.00117259
0.73	0.00117258
0.735	0.00117257
0.74	0.00117256
0.745	0.00117255
0.75	0.00117253
0.755	0.00117252
0.76	0.0011725
0.765	0.00117248
0.77	0.00117246
0.775	0.00117244
0.78	0.00117242
0.785	0.00117239
0.79	0.00117237
0.795	0.00117234
0.8	0.00117232
0.805	0.00117229
0.81	0.00117226
0.815	0.00117223
0.82	0.0011722
0.825	0.00117217
0.83	0.00117213
0.835	0.0011721
0.84	0.00117206
0.845	0.00117203
0.85	0.00117199
0.855	0.00117195
0.86	0.00117191
0.865	0.00117187
0.87	0.00117183
0.875	0.00117179
0.88	0.00117175
0.885	0.00117171
0.89	0.00117166
0.895	0.00117162
0.9	0.00117157
0.905	0.00117153
0.91	0.00117148
0.915	0.00117143
0.92	0.00117139
0.925	0.00117134
0.93	0.00117129
0.935	0.00117124
0.94	0.00117119
0.945	0.00117114
0.95	0.00117109
0.955	0.00117104
0.96	0.00117098
0.965	0.00117093
0.97	0.00117088
0.975	0.00117082
0.98	0.00117077
0.985	0.00117071
0.99	0.00117066
0.995	0.0011706
1	0.00117055
1.005	0.00117049
1.01	0.00117047
1.015	0.00117056
1.02	0.00117092
1.025	0.00117182
1.03	0.0011736
1.035	0.00117669
1.04	0.00118158
1.045	0.00118876
1.05	0.00119877
1.055	0.00121217
1.06	0.00122962
1.065	0.00125181
1.07	0.00127959
1.075	0.00131395
1.08	0.00135605
1.085	0.00140733
1.09	0.00146944
1.095	0.0015444
1.1	0.00163465
1.105	0.00174312
1.11	0.00187329
1.115	0.00202926
1.12	0.00221606
1.125	0.00243976
1.13	0.00270757
1.135	0.00302795
1.14	0.00341105
1.145	0.00386933
1.15	0.00441789
1.155	0.00507424
1.16	0.00585882
1.165	0.00679674
1.17	0.00791943
1.175	0.00926392
1.18	0.0108718
1.185	0.0127925
1.19	0.0150898
1.195	0.0178434
1.2	0.0211413
1.205	0.0250798
1.21	0.0297816
1.215	0.0354158
1.22	0.0421797
1.225	0.0502692
1.23	0.0599049
1.235	0.0714177
1.24	0.085265
1.245	0.101897
1.25	0.121701
1.255	0.145228
1.26	0.173465
1.265	0.207607
1.27	0.248463
1.275	0.296711
1.28	0.35407
1.285	0.423673
1.29	0.508089
1.295	0.607817
1.3	0.724439
1.305	0.864644
1.31	1.03774
1.315	1.24587
1.32	1.48541
1.325	1.76494
1.33	2.11147
1.335	2.54537
1.34	3.04803
1.345	3.60507
1.35	4.27233
1.355	5.1428
1.36	6.212
1.365	7.33643
1.37	8.52877
1.375	10.0587
1.38	12.0844
1.385	14.0919
1.39	15.143
1.395	15.1993
1.4	14.8625
1.405	14.534
1.41	14.2703
1.415	13.9476
1.42	13.5256
1.425	13.0663
1.43	12.632
1.435	12.2379
1.44	11.864
1.445	11.4958
1.45	11.1354
1.455	10.7905
1.46	10.4635
1.465	10.1503
1.47	9.84648
1.475	9.55039
1.48	9.26234
1.485	8.9824
1.49	8.70962
1.495	8.44277
1.5	8.18114
1.505	7.92452
1.51	7.6729
1.515	7.42611
1.52	7.18394
1.525	6.94627
1.53	6.7131
1.535	6.48451
1.54	6.26058
1.545	6.04136
1.55	5.82691
1.555	5.61733
1.56	5.4127
1.565	5.2131
1.57	5.01862
1.575	4.82931
1.58	4.6452
1.585	4.46633
1.59	4.29272
1.595	4.12436
1.6	3.96123
1.605	3.80331
1.61	3.65053
1.615	3.50285
1.62	3.36018
1.625	3.22244
1.63	3.08953
1.635	2.96136
1.64	2.83781
1.645	2.71877
1.65	2.60411
1.655	2.49373
1.66	2.3875
1.665	2.28529
1.67	2.18699
1.675	2.09247
1.68	2.00161
1.685	1.9143
1.69	1.83042
1.695	1.74985
1.7	1.67249
1.705	1.59822
1.71	1.52695
1.715	1.45856
1.72	1.39296
1.725	1.33004
1.73	1.2697
1.735	1.21186
1.74	1.15641
1.745	1.10327
1.75	1.05235
1.755	1.00355
1.76	0.956801
1.765	0.912008
1.77	0.869094
1.775	0.827978
1.78	0.788585
1.785	0.750839
1.79	0.714668
1.795	0.680001
1.8	0.646773
1.805	0.614916
1.81	0.58437
1.815	0.555074
1.82	0.52697
1.825	0.500004
1.83	0.474123
1.835	0.449277
1.84	0.425419
1.845	0.402503
1.85	0.380487
1.855	0.35933
1.86	0.338993
1.865	0.31944
1.87	0.300636
1.875	0.282548
1.88	0.265146
1.885	0.248401
1.89	0.232284
1.895	0.21677
1.9	0.201833
1.905	0.187452
1.91	0.173602
1.915	0.160264
1.92	0.147418
1.925	0.135044
1.93	0.123125
1.935	0.111644
1.94	0.100585
1.945	0.0899318
1.95	0.0796703
1.955	0.0697864
1.96	0.0602666
1.965	0.0510983
1.97	0.0422692
1.975	0.0337674
1.98	0.0255819
1.985	0.0177017
1.99	0.0101165
1.995	0.00281633
2	-0.00420847
2.005	-0.0109671
2.01	-0.0174686
2.015	-0.0237215
2.02	-0.029734
2.025	-0.0355144
2.03	-0.0410702
2.035	-0.046409
2.04	-0.0515381
2.045	-0.0564644
2.05	-0.0611948
2.055	-0.0657358
2.06	-0.0700938
2.065	-0.0742749
2.07	-0.0782851
2.075	-0.0821302
2.08	-0.0858158
2.085	-0.0893472
2.09	-0.0927298
2.095	-0.0959687
2.1	-0.0990687
2.105	-0.102035
2.11	-0.104871
2.115	-0.107583
2.12	-0.110174
2.125	-0.112648
2.13	-0.11501
2.135	-0.117264
2.14	-0.119413
2.145	-0.121461
2.15	-0.123412
2.155	-0.125269
2.16	-0.127036
2.165	-0.128715
2.17	-0.13031
2.175	-0.131824
2.18	-0.13326
2.185	-0.13462
2.19	-0.135908
2.195	-0.137126
2.2	-0.138276
2.205	-0.139362
2.21	-0.140385
2.215	-0.141348
2.22	-0.142252
2.225	-0.143101
2.23	-0.143897
2.235	-0.14464
2.24	-0.145334
2.245	-0.14598
2.25	-0.146579
2.255	-0.147135
2.26	-0.147648
2.265	-0.148119
2.27	-0.148551
2.275	-0.148946
2.28	-0.149304
2.285	-0.149626
2.29	-0.149915
2.295	-0.150172
2.3	-0.150398
2.305	-0.150593
2.31	-0.15076
2.315	-0.1509
2.32	-0.151013
2.325	-0.1511
2.33	-0.151163
2.335	-0.151203
2.34	-0.15122
2.345	-0.151216
2.35	-0.151191
2.355	-0.151146
2.36	-0.151083
2.365	-0.151001
2.37	-0.150901
2.375	-0.150785
2.38	-0.150653
2.385	-0.150505
2.39	-0.150343
2.395	-0.150167
2.4	-0.149977
2.405	-0.149774
2.41	-0.149559
2.415	-0.149332
2.42	-0.149095
2.425	-0.148846
2.43	-0.148587
2.435	-0.148318
2.44	-0.14804
2.445	-0.147753
2.45	-0.147457
2.455	-0.147154
2.46	-0.146843
2.465	-0.146524
2.47	-0.146198
2.475	-0.145866
2.48	-0.145527
2.485	-0.145183
2.49	-0.144833
2.495	-0.144477
2.5	-0.144116
2.505	-0.143751
2.51	-0.143381
2.515	-0.143006
2.52	-0.142628
2.525	-0.142245
2.53	-0.141859
2.535	-0.14147
2.54	-0.141077
2.545	-0.140682
2.55	-0.140284
2.555	-0.139883
2.56	-0.139479
2.565	-0.139074
2.57	-0.138666
2.575	-0.138256
2.58	-0.137845
2.585	-0.137432
2.59	-0.137017
2.595	-0.136601
2.6	-0.136184
2.605	-0.135766
2.61	-0.135347
2.615	-0.134927
2.62	-0.134506
2.625	-0.134084
2.63	-0.133662
2.635	-0.13324
2.64	-0.132817
2.645	-0.132394
2.65	-0.13197
2.655	-0.131547
2.66	-0.131123
2.665	-0.1307
2.67	-0.130277
2.675	-0.129854
2.68	-0.129431
2.685	-0.129008
2.69	-0.128586
2.695	-0.128165
2.7	-0.127744
2.705	-0.127323
2.71	-0.126903
2.715	-0.126484
2.72	-0.126065
2.725	-0.125648
2.73	-0.125231
2.735	-0.124814
2.74	-0.124399
2.745	-0.123985
2.75	-0.123572
2.755	-0.123159
2.76	-0.122748
2.765	-0.122338
2.77	-0.121929
2.775	-0.121521
2.78	-0.121114
2.785	-0.120708
2.79	-0.120304
2.795	-0.1199
2.8	-0.119498
2.805	-0.119098
2.81	-0.118698
2.815	-0.1183
2.82	-0.117903
2.825	-0.117508
2.83	-0.117114
2.835	-0.116721
2.84	-0.11633
2.845	-0.11594
2.85	-0.115552
2.855	-0.115165
2.86	-0.114779
2.865	-0.114395
2.87	-0.114012
2.875	-0.113631
2.88	-0.113252
2.885	-0.112873
2.89	-0.112497
2.895	-0.112122
2.9	-0.111748
2.905	-0.111376
2.91	-0.111005
2.915	-0.110636
2.92	-0.110269
2.925	-0.109903
2.93	-0.109539
2.935	-0.109176
2.94	-0.108815
2.945	-0.108455
2.95	-0.108097
2.955	-0.10774
2.96	-0.107385
2.965	-0.107032
2.97	-0.10668
2.975	-0.106329
2.98	-0.105981
2.985	-0.105633
2.99	-0.105288
2.995	-0.104944
3	-0.104601
3.005	-0.10426
3.01	-0.103921
3.015	-0.103583
3.02	-0.103247
3.025	-0.102912
3.03	-0.102579
3.035	-0.102248
3.04	-0.101918
3.045	-0.101589
3.05	-0.101262
3.055	-0.100937
3.06	-0.100613
3.065	-0.100291
3.07	-0.09997
3.075	-0.0996508
3.08	-0.0993331
3.085	-0.0990169
3.09	-0.0987023
3.095	-0.0983892
3.1	-0.0980775
3.105	-0.0977674
3.11	-0.0974588
3.115	-0.0971517
3.12	-0.0968461
3.125	-0.096542
3.13	-0.0962393
3.135	-0.0959382
3.14	-0.0956385
3.145	-0.0953403
3.15	-0.0950435
3.155	-0.0947483
3.16	-0.0944544
3.165	-0.094162
3.17	-0.0938711
3.175	-0.0935816
3.18	-0.0932936
3.185	-0.093007
3.19	-0.0927218
3.195	-0.092438
3.2	-0.0921556
3.205	-0.0918747
3.21	-0.0915951
3.215	-0.091317
3.22	-0.0910402
3.225	-0.0907649
3.23	-0.0904909
3.235	-0.0902183
3.24	-0.089947
3.245	-0.0896772
3.25	-0.0894087
3.255	-0.0891415
3.26	-0.0888757
3.265	-0.0886112
3.27	-0.0883481
3.275	-0.0880863
3.28	-0.0878258
3.285	-0.0875666
3.29	-0.0873088
3.295	-0.0870522
3.3	-0.086797
3.305	-0.086543
3.31	-0.0862904
3.315	-0.086039
3.32	-0.0857889
3.325	-0.0855401
3.33	-0.0852925
3.335	-0.0850462
3.34	-0.0848012
3.345	-0.0845574
3.35	-0.0843149
3.355	-0.0840736
3.36	-0.0838335
3.365	-0.0835946
3.37	-0.083357
3.375	-0.0831206
3.38	-0.0828854
3.385	-0.0826514
3.39	-0.0824186
3.395	-0.082187
3.4	-0.0819565
3.405	-0.0817273
3.41	-0.0814992
3.415	-0.0812723
3.42	-0.0810466
3.425	-0.080822
3.43	-0.0805986
3.435	-0.0803763
3.44	-0.0801551
3.445	-0.0799351
3.45	-0.0797162
3.455	-0.0794985
3.46	-0.0792819
3.465	-0.0790663
3.47	-0.0788519
3.475	-0.0786386
3.48	-0.0784264
3.485	-0.0782152
3.49	-0.0780052
3.495	-0.0777963
3.5	-0.0775884
3.505	-0.0773815
3.51	-0.0771758
3.515	-0.0769711
3.52	-0.0767675
3.525	-0.0765649
3.53	-0.0763633
3.535	-0.0761628
3.54	-0.0759633
3.545	-0.0757648
3.55	-0.0755674
3.555	-0.075371
3.56	-0.0751756
3.565	-0.0749812
3.57	-0.0747878
3.575	-0.0745954
3.58	-0.0744039
3.585	-0.0742135
3.59	-0.0740241
3.595	-0.0738356
3.6	-0.0736481
3.605	-0.0734615
3.61	-0.073276
3.615	-0.0730913
3.62	-0.0729076
3.625	-0.0727249
3.63	-0.0725431
3.635	-0.0723623
3.64	-0.0721823
3.645	-0.0720033
3.65	-0.0718253
3.655	-0.0716481
3.66	-0.0714718
3.665	-0.0712965
3.67	-0.0711221
3.675	-0.0709485
3.68	-0.0707759
3.685	-0.0706041
3.69	-0.0704332
3.695	-0.0702632
3.7	-0.070094
3.705	-0.0699258
3.71	-0.0697584
3.715	-0.0695918
3.72	-0.0694261
3.725	-0.0692613
3.73	-0.0690973
3.735	-0.0689342
3.74	-0.0687719
3.745	-0.0686104
3.75	-0.0684497
3.755	-0.0682899
3.76	-0.0681309
3.765	-0.0679727
3.77	-0.0678153
3.775	-0.0676588
3.78	-0.067503
3.785	-0.067348
3.79	-0.0671938
3.795	-0.0670404
3.8	-0.0668878
3.805	-0.066736
3.81	-0.066585
3.815	-0.0664347
3.82	-0.0662852
3.825	-0.0661364
3.83	-0.0659884
3.835	-0.0658412
3.84	-0.0656947
3.845	-0.065549
3.85	-0.065404
3.855	-0.0652598
3.86	-0.0651163
3.865	-0.0649735
3.87	-0.0648315
3.875	-0.0646901
3.88	-0.0645495
3.885	-0.0644097
3.89	-0.0642705
3.895	-0.064132
3.9	-0.0639943
3.905	-0.0638572
3.91	-0.0637209
3.915	-0.0635852
3.92	-0.0634502
3.925	-0.0633159
3.93	-0.0631823
3.935	-0.0630494
3.94	-0.0629172
3.945	-0.0627856
3.95	-0.0626547
3.955	-0.0625244
3.96	-0.0623948
3.965	-0.0622659
3.97	-0.0621376
3.975	-0.06201
3.98	-0.061883
3.985	-0.0617567
3.99	-0.061631
3.995	-0.0615059
4	-0.0613815
4.005	-0.0612577
4.01	-0.0611345
4.015	-0.061012
4.02	-0.0608901
4.025	-0.0607687
4.03	-0.060648
4.035	-0.0605279
4.04	-0.0604085
4.045	-0.0602896
4.05	-0.0601713
4.055	-0.0600536
4.06	-0.0599365
4.065	-0.05982
4.07	-0.0597041
4.075	-0.0595887
4.08	-0.059474
4.085	-0.0593598
4.09	-0.0592462
4.095	-0.0591332
4.1	-0.0590207
4.105	-0.0589088
4.11	-0.0587975
4.115	-0.0586867
4.12	-0.0585764
4.125	-0.0584668
4.13	-0.0583576
4.135	-0.0582491
4.14	-0.058141
4.145	-0.0580335
4.15	-0.0579266
4.155	-0.0578202
4.16	-0.0577143
4.165	-0.0576089
4.17	-0.0575041
4.175	-0.0573998
4.18	-0.057296
4.185	-0.0571927
4.19	-0.0570899
4.195	-0.0569877
4.2	-0.0568859
4.205	-0.0567847
4.21	-0.056684
4.215	-0.0565837
4.22	-0.056484
4.225	-0.0563848
4.23	-0.056286
4.235	-0.0561878
4.24	-0.05609
4.245	-0.0559927
4.25	-0.0558959
4.255	-0.0557996
4.26	-0.0557038
4.265	-0.0556084
4.27	-0.0555135
4.275	-0.0554191
4.28	-0.0553251
4.285	-0.0552316
4.29	-0.0551386
4.295	-0.055046
4.3	-0.0549539
4.305	-0.0548622
4.31	-0.054771
4.315	-0.0546803
4.32	-0.0545899
4.325	-0.0545001
4.33	-0.0544106
4.335	-0.0543216
4.34	-0.0542331
4.345	-0.054145
4.35	-0.0540573
4.355	-0.05397
4.36	-0.0538832
4.365	-0.0537968
4.37	-0.0537108
4.375	-0.0536253
4.38	-0.0535401
4.385	-0.0534554
4.39	-0.0533711
4.395	-0.0532872
4.4	-0.0532037
4.405	-0.0531206
4.41	-0.053038
4.415	-0.0529557
4.42	-0.0528738
4.425	-0.0527924
4.43	-0.0527113
4.435	-0.0526306
4.44	-0.0525503
4.445	-0.0524704
4.45	-0.0523909
4.455	-0.0523118
4.46	-0.0522331
4.465	-0.0521547
4.47	-0.0520767
4.475	-0.0519991
4.48	-0.0519219
4.485	-0.0518451
4.49	-0.0517686
4.495	-0.0516925
4.5	-0.0516167
4.505	-0.0515414
4.51	-0.0514664
4.515	-0.0513917
4.52	-0.0513174
4.525	-0.0512435
4.53	-0.0511699
4.535	-0.0510967
4.54	-0.0510238
4.545	-0.0509513
4.55	-0.0508792
4.555	-0.0508073
4.56	-0.0507359
4.565	-0.0506647
4.57	-0.0505939
4.575	-0.0505235
4.58	-0.0504534
4.585	-0.0503836
4.59	-0.0503141
4.595	-0.050245
4.6	-0.0501762
4.605	-0.0501078
4.61	-0.0500397
4.615	-0.0499719
4.62	-0.0499044
4.625	-0.0498372
4.63	-0.0497704
4.635	-0.0497039
4.64	-0.0496377
4.645	-0.0495718
4.65	-0.0495062
4.655	-0.049441
4.66	-0.049376
4.665	-0.0493114
4.67	-0.049247
4.675	-0.049183
4.68	-0.0491193
4.685	-0.0490558
4.69	-0.0489927
4.695	-0.0489299
4.7	-0.0488674
4.705	-0.0488051
4.71	-0.0487432
4.715	-0.0486815
4.72	-0.0486202
4.725	-0.0485591
4.73	-0.0484983
4.735	-0.0484378
4.74	-0.0483776
4.745	-0.0483177
4.75	-0.048258
4.755	-0.0481987
4.76	-0.0481396
4.765	-0.0480808
4.77	-0.0480222
4.775	-0.047964
4.78	-0.047906
4.785	-0.0478483
4.79	-0.0477908
4.795	-0.0477336
4.8	-0.0476767
4.805	-0.0476201
4.81	-0.0475637
4.815	-0.0475076
4.82	-0.0474517
4.825	-0.0473961
4.83	-0.0473408
4.835	-0.0472857
4.84	-0.0472309
4.845	-0.0471763
4.85	-0.047122
4.855	-0.047068
4.86	-0.0470142
4.865	-0.0469606
4.87	-0.0469073
4.875	-0.0468542
4.88	-0.0468014
4.885	-0.0467488
4.89	-0.0466965
4.895	-0.0466444
4.9	-0.0465925
4.905	-0.0465409
4.91	-0.0464896
4.915	-0.0464384
4.92	-0.0463875
4.925	-0.0463368
4.93	-0.0462864
4.935	-0.0462362
4.94	-0.0461862
4.945	-0.0461365
4.95	-0.046087
4.955	-0.0460377
4.96	-0.0459886
4.965	-0.0459398
4.97	-0.0458912
4.975	-0.0458428
4.98	-0.0457946
4.985	-0.0457467
4.99	-0.045699
4.995	-0.0456514
5	-0.0456041
5.005	-0.0455571
5.01	-0.0455102
5.015	-0.0454636
5.02	-0.0454171
5.025	-0.0453709
5.03	-0.0453249
5.035	-0.0452791
5.04	-0.0452335
5.045	-0.0451881
5.05	-0.0451429
5.055	-0.0450979
5.06	-0.0450531
5.065	-0.0450085
5.07	-0.0449642
5.075	-0.04492
5.08	-0.044876
5.085	-0.0448322
5.09	-0.0447887
5.095	-0.0447453
5.1	-0.0447021
5.105	-0.0446591
5.11	-0.0446163
5.115	-0.0445737
5.12	-0.0445313
5.125	-0.0444891
5.13	-0.044447
5.135	-0.0444052
5.14	-0.0443635
5.145	-0.044322
5.15	-0.0442808
5.155	-0.0442397
5.16	-0.0441987
5.165	-0.044158
5.17	-0.0441175
5.175	-0.0440771
5.18	-0.0440369
5.185	-0.0439969
5.19	-0.0439571
5.195	-0.0439174
5.2	-0.0438779
5.205	-0.0438386
5.21	-0.0437995
5.215	-0.0437605
5.22	-0.0437218
5.225	-0.0436831
5.23	-0.0436447
5.235	-0.0436064
5.24	-0.0435683
5.245	-0.0435304
5.25	-0.0434926
5.255	-0.043455
5.26	-0.0434176
5.265	-0.0433804
5.27	-0.0433433
5.275	-0.0433063
5.28	-0.0432695
5.285	-0.0432329
5.29	-0.0431965
5.295	-0.0431602
5.3	-0.0431241
5.305	-0.0430881
5.31	-0.0430523
5.315	-0.0430166
5.32	-0.0429811
5.325	-0.0429458
5.33	-0.0429106
5.335	-0.0428756
5.34	-0.0428407
5.345	-0.042806
5.35	-0.0427714
5.355	-0.042737
5.36	-0.0427027
5.365	-0.0426685
5.37	-0.0426346
5.375	-0.0426007
5.38	-0.0425671
5.385	-0.0425335
5.39	-0.0425001
5.395	-0.0424669
5.4	-0.0424338
5.405	-0.0424008
5.41	-0.042368
5.415	-0.0423353
5.42	-0.0423028
5.425	-0.0422704
5.43	-0.0422382
5.435	-0.0422061
5.44	-0.0421741
5.445	-0.0421423
5.45	-0.0421106
5.455	-0.042079
5.46	-0.0420476
5.465	-0.0420163
5.47	-0.0419851
5.475	-0.0419541
5.48	-0.0419232
5.485	-0.0418925
5.49	-0.0418619
5.495	-0.0418314
5.5	-0.041801
5.505	-0.0417708
5.51	-0.0417407
5.515	-0.0417107
5.52	-0.0416809
5.525	-0.0416512
5.53	-0.0416216
5.535	-0.0415921
5.54	-0.0415628
5.545	-0.0415336
5.55	-0.0415045
5.555	-0.0414755
5.56	-0.0414467
5.565	-0.041418
5.57	-0.0413894
5.575	-0.0413609
5.58	-0.0413325
5.585	-0.0413043
5.59	-0.0412762
5.595	-0.0412482
5.6	-0.0412203
5.605	-0.0411926
5.61	-0.0411649
5.615	-0.0411374
5.62	-0.04111
5.625	-0.0410827
5.63	-0.0410555
5.635	-0.0410285
5.64	-0.0410015
5.645	-0.0409747
5.65	-0.040948
5.655	-0.0409214
5.66	-0.0408949
5.665	-0.0408685
5.67	-0.0408422
5.675	-0.040816
5.68	-0.04079
5.685	-0.040764
5.69	-0.0407382
5.695	-0.0407125
5.7	-0.0406869
5.705	-0.0406613
5.71	-0.0406359
5.715	-0.0406106
5.72	-0.0405854
5.725	-0.0405603
5.73	-0.0405354
5.735	-0.0405105
5.74	-0.0404857
5.745	-0.040461
5.75	-0.0404365
5.755	-0.040412
5.76	-0.0403876
5.765	-0.0403633
5.77	-0.0403392
5.775	-0.0403151
5.78	-0.0402911
5.785	-0.0402673
5.79	-0.0402435
5.795	-0.0402198
5.8	-0.0401963
5.805	-0.0401728
5.81	-0.0401494
5.815	-0.0401261
5.82	-0.0401029
5.825	-0.0400798
5.83	-0.0400568
5.835	-0.0400339
5.84	-0.0400111
5.845	-0.0399884
5.85	-0.0399658
5.855	-0.0399433
5.86	-0.0399208
5.865	-0.0398985
5.87	-0.0398762
5.875	-0.039854
5.88	-0.039832
5.885	-0.03981
5.89	-0.0397881
5.895	-0.0397663
5.9	-0.0397446
5.905	-0.039723
5.91	-0.0397014
5.915	-0.03968
5.92	-0.0396586
5.925	-0.0396373
5.93	-0.0396161
5.935	-0.039595
5.94	-0.039574
5.945	-0.0395531
5.95	-0.0395322
5.955	-0.0395115
5.96	-0.0394908
5.965	-0.0394702
5.97	-0.0394497
5.975	-0.0394292
5.98	-0.0394089
5.985	-0.0393886
5.99	-0.0393684
5.995	-0.0393483
6	-0.0393283
0 unlabeled lines
