Graph addvar/addexpr lines
1 1201
x MYSA[30].vext[1]( 0.5 )
0	0
0.005	1.3421e-16
0.01	8.99894e-17
0.015	6.45438e-17
0.02	4.88017e-17
0.025	3.90107e-17
0.03	3.29168e-17
0.035	2.91216e-17
0.04	2.67555e-17
0.045	2.5278e-17
0.05	2.43529e-17
0.055	2.37713e-17
0.06	2.34032e-17
0.065	2.3168e-17
0.07	2.30155e-17
0.075	2.29146e-17
0.08	2.28459e-17
0.085	2.27974e-17
0.09	2.27618e-17
0.095	2.27344e-17
0.1	2.27123e-17
0.105	2.26939e-17
0.11	2.26779e-17
0.115	2.26637e-17
0.12	2.2651e-17
0.125	2.26393e-17
0.13	2.26286e-17
0.135	2.26188e-17
0.14	2.26097e-17
0.145	2.26013e-17
0.15	2.25935e-17
0.155	2.25864e-17
0.16	2.25798e-17
0.165	2.25738e-17
0.17	2.25684e-17
0.175	2.25634e-17
0.18	2.25589e-17
0.185	2.25548e-17
0.19	2.25512e-17
0.195	2.25479e-17
0.2	2.2545e-17
0.205	2.25424e-17
0.21	2.25402e-17
0.215	2.25383e-17
0.22	2.25366e-17
0.225	2.25352e-17
0.23	2.25341e-17
0.235	2.25331e-17
0.24	2.25324e-17
0.245	2.25318e-17
0.25	2.25315e-17
0.255	2.25312e-17
0.26	2.25312e-17
0.265	2.25312e-17
0.27	2.25314e-17
0.275	2.25317e-17
0.28	2.2532e-17
0.285	2.25325e-17
0.29	2.2533e-17
0.295	2.25336e-17
0.3	2.25343e-17
0.305	2.2535e-17
0.31	2.25358e-17
0.315	2.25366e-17
0.32	2.25374e-17
0.325	2.25383e-17
0.33	2.25392e-17
0.335	2.254e-17
0.34	2.2541e-17
0.345	2.25419e-17
0.35	2.25428e-17
0.355	2.25437e-17
0.36	2.25446e-17
0.365	2.25455e-17
0.37	2.25464e-17
0.375	2.25473e-17
0.38	2.25482e-17
0.385	2.25491e-17
0.39	2.25499e-17
0.395	2.25507e-17
0.4	2.25515e-17
0.405	2.25523e-17
0.41	2.25531e-17
0.415	2.25538e-17
0.42	2.25545e-17
0.425	2.25552e-17
0.43	2.25559e-17
0.435	2.25565e-17
0.44	2.25571e-17
0.445	2.25577e-17
0.45	2.25582e-17
0.455	2.25587e-17
0.46	2.25592e-17
0.465	2.25597e-17
0.47	2.25601e-17
0.475	2.25605e-17
0.48	2.25608e-17
0.485	2.25612e-17
0.49	2.25615e-17
0.495	2.25618e-17
0.5	2.2562e-17
0.505	2.25622e-17
0.51	2.25624e-17
0.515	2.25626e-17
0.52	2.25627e-17
0.525	2.25628e-17
0.53	2.25629e-17
0.535	2.25629e-17
0.54	2.2563e-17
0.545	2.2563e-17
0.55	2.25629e-17
0.555	2.25629e-17
0.56	2.25628e-17
0.565	2.25626e-17
0.57	2.25625e-17
0.575	2.25623e-17
0.58	2.25622e-17
0.585	2.25619e-17
0.59	2.25617e-17
0.595	2.25614e-17
0.6	2.25611e-17
0.605	2.25608e-17
0.61	2.25605e-17
0.615	2.25601e-17
0.62	2.25598e-17
0.625	2.25594e-17
0.63	2.25589e-17
0.635	2.25585e-17
0.64	2.2558e-17
0.645	2.25575e-17
0.65	2.2557e-17
0.655	2.25565e-17
0.66	2.2556e-17
0.665	2.25554e-17
0.67	2.25548e-17
0.675	2.25542e-17
0.68	2.25536e-17
0.685	2.2553e-17
0.69	2.25523e-17
0.695	2.25516e-17
0.7	2.2551e-17
0.705	2.25503e-17
0.71	2.25495e-17
0.715	2.25488e-17
0.72	2.2548e-17
0.725	2.25473e-17
0.73	2.25465e-17
0.735	2.25457e-17
0.74	2.25449e-17
0.745	2.25441e-17
0.75	2.25432e-17
0.755	2.25424e-17
0.76	2.25415e-17
0.765	2.25406e-17
0.77	2.25398e-17
0.775	2.25389e-17
0.78	2.25379e-17
0.785	2.2537e-17
0.79	2.25361e-17
0.795	2.25351e-17
0.8	2.25342e-17
0.805	2.25332e-17
0.81	2.25322e-17
0.815	2.25312e-17
0.82	2.25302e-17
0.825	2.25292e-17
0.83	2.25282e-17
0.835	2.25272e-17
0.84	2.25261e-17
0.845	2.25251e-17
0.85	2.2524e-17
0.855	2.25229e-17
0.86	2.25219e-17
0.865	2.25208e-17
0.87	2.25197e-17
0.875	2.25186e-17
0.88	2.25175e-17
0.885	2.25164e-17
0.89	2.25152e-17
0.895	2.25141e-17
0.9	2.2513e-17
0.905	2.25118e-17
0.91	2.25107e-17
0.915	2.25095e-17
0.92	2.25083e-17
0.925	2.25072e-17
0.93	2.2506e-17
0.935	2.25048e-17
0.94	2.25036e-17
0.945	2.25024e-17
0.95	2.25012e-17
0.955	2.25e-17
0.96	2.24988e-17
0.965	2.24976e-17
0.97	2.24963e-17
0.975	2.24951e-17
0.98	2.24939e-17
0.985	2.24926e-17
0.99	2.24914e-17
0.995	2.24901e-17
1	2.24889e-17
1.005	2.24895e-17
1.01	2.2501e-17
1.015	2.25448e-17
1.02	2.26562e-17
1.025	2.28784e-17
1.03	2.32543e-17
1.035	2.38199e-17
1.04	2.46022e-17
1.045	2.56224e-17
1.05	2.6902e-17
1.055	2.84678e-17
1.06	3.03551e-17
1.065	3.26098e-17
1.07	3.52922e-17
1.075	3.8481e-17
1.08	4.22735e-17
1.085	4.67839e-17
1.09	5.21472e-17
1.095	5.85319e-17
1.1	6.61482e-17
1.105	7.52412e-17
1.11	8.60865e-17
1.115	9.90163e-17
1.12	1.14463e-16
1.125	1.32955e-16
1.13	1.55071e-16
1.135	1.81454e-16
1.14	2.12942e-16
1.145	2.50674e-16
1.15	2.95943e-16
1.155	3.50025e-16
1.16	4.14428e-16
1.165	4.91445e-16
1.17	5.84099e-16
1.175	6.95262e-16
1.18	8.27494e-16
1.185	9.84725e-16
1.19	1.17378e-15
1.195	1.40221e-15
1.2	1.675e-15
1.205	1.99708e-15
1.21	2.38114e-15
1.215	2.84805e-15
1.22	3.41267e-15
1.225	4.07803e-15
1.23	4.85804e-15
1.235	5.80142e-15
1.24	6.96558e-15
1.245	8.35659e-15
1.25	9.95734e-15
1.255	1.18415e-14
1.26	1.41964e-14
1.265	1.7124e-14
1.27	2.04917e-14
1.275	2.42631e-14
1.28	2.88702e-14
1.285	3.49179e-14
1.29	4.22385e-14
1.295	5.00457e-14
1.3	5.8786e-14
1.305	7.05526e-14
1.31	8.65329e-14
1.315	1.04009e-13
1.32	1.20696e-13
1.325	1.4145e-13
1.33	1.73888e-13
1.335	2.15833e-13
1.34	2.51946e-13
1.345	2.83575e-13
1.35	3.388e-13
1.355	4.33695e-13
1.36	5.30694e-13
1.365	5.73556e-13
1.37	6.22608e-13
1.375	7.81861e-13
1.38	1.01152e-12
1.385	1.0431e-12
1.39	6.95503e-13
1.395	3.13946e-13
1.4	1.56274e-13
1.405	1.53146e-13
1.41	1.73021e-13
1.415	1.44105e-13
1.42	9.78085e-14
1.425	7.46078e-14
1.43	7.58678e-14
1.435	8.37695e-14
1.44	8.43694e-14
1.445	7.94396e-14
1.45	7.55227e-14
1.455	7.48634e-14
1.46	7.54512e-14
1.465	7.47452e-14
1.47	7.24969e-14
1.475	6.97786e-14
1.48	6.73335e-14
1.485	6.50713e-14
1.49	6.25773e-14
1.495	5.97274e-14
1.5	5.66992e-14
1.505	5.3697e-14
1.51	5.07769e-14
1.515	4.78912e-14
1.52	4.50119e-14
1.525	4.21701e-14
1.53	3.94178e-14
1.535	3.67833e-14
1.54	3.42672e-14
1.545	3.1864e-14
1.55	2.95771e-14
1.555	2.74158e-14
1.56	2.53859e-14
1.565	2.34862e-14
1.57	2.17115e-14
1.575	2.00573e-14
1.58	1.85199e-14
1.585	1.70953e-14
1.59	1.57778e-14
1.595	1.45606e-14
1.6	1.34368e-14
1.605	1.23998e-14
1.61	1.14432e-14
1.615	1.05606e-14
1.62	9.74592e-15
1.625	8.99312e-15
1.63	8.29674e-15
1.635	7.6518e-15
1.64	7.05376e-15
1.645	6.4985e-15
1.65	5.98231e-15
1.655	5.5019e-15
1.66	5.05441e-15
1.665	4.63732e-15
1.67	4.24838e-15
1.675	3.88564e-15
1.68	3.54734e-15
1.685	3.23192e-15
1.69	2.93794e-15
1.695	2.66409e-15
1.7	2.40913e-15
1.705	2.17187e-15
1.71	1.95116e-15
1.715	1.7459e-15
1.72	1.55497e-15
1.725	1.37731e-15
1.73	1.21184e-15
1.735	1.05752e-15
1.74	9.13324e-16
1.745	7.78254e-16
1.75	6.51351e-16
1.755	5.31697e-16
1.76	4.18425e-16
1.765	3.1072e-16
1.77	2.07829e-16
1.775	1.09062e-16
1.78	1.37947e-17
1.785	-7.85273e-17
1.79	-1.68391e-16
1.795	-2.56218e-16
1.8	-3.42361e-16
1.805	-4.27115e-16
1.81	-5.10714e-16
1.815	-5.93339e-16
1.82	-6.75122e-16
1.825	-7.5615e-16
1.83	-8.36474e-16
1.835	-9.16108e-16
1.84	-9.95042e-16
1.845	-1.07324e-15
1.85	-1.15064e-15
1.855	-1.22719e-15
1.86	-1.3028e-15
1.865	-1.37738e-15
1.87	-1.45085e-15
1.875	-1.52311e-15
1.88	-1.59408e-15
1.885	-1.66366e-15
1.89	-1.73178e-15
1.895	-1.79836e-15
1.9	-1.86333e-15
1.905	-1.92663e-15
1.91	-1.98819e-15
1.915	-2.04799e-15
1.92	-2.10597e-15
1.925	-2.16211e-15
1.93	-2.21638e-15
1.935	-2.26877e-15
1.94	-2.31927e-15
1.945	-2.36788e-15
1.95	-2.41461e-15
1.955	-2.45946e-15
1.96	-2.50246e-15
1.965	-2.54362e-15
1.97	-2.58296e-15
1.975	-2.62052e-15
1.98	-2.65633e-15
1.985	-2.69042e-15
1.99	-2.72283e-15
1.995	-2.7536e-15
2	-2.78277e-15
2.005	-2.81039e-15
2.01	-2.83649e-15
2.015	-2.86113e-15
2.02	-2.88434e-15
2.025	-2.90617e-15
2.03	-2.92667e-15
2.035	-2.94587e-15
2.04	-2.96384e-15
2.045	-2.9806e-15
2.05	-2.9962e-15
2.055	-3.01069e-15
2.06	-3.0241e-15
2.065	-3.03648e-15
2.07	-3.04787e-15
2.075	-3.05831e-15
2.08	-3.06783e-15
2.085	-3.07647e-15
2.09	-3.08427e-15
2.095	-3.09126e-15
2.1	-3.09747e-15
2.105	-3.10295e-15
2.11	-3.10771e-15
2.115	-3.11179e-15
2.12	-3.11523e-15
2.125	-3.11804e-15
2.13	-3.12025e-15
2.135	-3.1219e-15
2.14	-3.123e-15
2.145	-3.12358e-15
2.15	-3.12366e-15
2.155	-3.12327e-15
2.16	-3.12242e-15
2.165	-3.12115e-15
2.17	-3.11946e-15
2.175	-3.11737e-15
2.18	-3.11491e-15
2.185	-3.11209e-15
2.19	-3.10893e-15
2.195	-3.10544e-15
2.2	-3.10164e-15
2.205	-3.09755e-15
2.21	-3.09317e-15
2.215	-3.08852e-15
2.22	-3.08362e-15
2.225	-3.07848e-15
2.23	-3.0731e-15
2.235	-3.0675e-15
2.24	-3.06169e-15
2.245	-3.05569e-15
2.25	-3.04949e-15
2.255	-3.04312e-15
2.26	-3.03657e-15
2.265	-3.02986e-15
2.27	-3.023e-15
2.275	-3.01599e-15
2.28	-3.00885e-15
2.285	-3.00157e-15
2.29	-2.99417e-15
2.295	-2.98665e-15
2.3	-2.97903e-15
2.305	-2.9713e-15
2.31	-2.96347e-15
2.315	-2.95554e-15
2.32	-2.94753e-15
2.325	-2.93944e-15
2.33	-2.93127e-15
2.335	-2.92303e-15
2.34	-2.91472e-15
2.345	-2.90635e-15
2.35	-2.89792e-15
2.355	-2.88944e-15
2.36	-2.8809e-15
2.365	-2.87231e-15
2.37	-2.86369e-15
2.375	-2.85502e-15
2.38	-2.84631e-15
2.385	-2.83757e-15
2.39	-2.8288e-15
2.395	-2.82e-15
2.4	-2.81118e-15
2.405	-2.80233e-15
2.41	-2.79346e-15
2.415	-2.78457e-15
2.42	-2.77567e-15
2.425	-2.76676e-15
2.43	-2.75783e-15
2.435	-2.7489e-15
2.44	-2.73996e-15
2.445	-2.73101e-15
2.45	-2.72206e-15
2.455	-2.71311e-15
2.46	-2.70416e-15
2.465	-2.69521e-15
2.47	-2.68626e-15
2.475	-2.67732e-15
2.48	-2.66838e-15
2.485	-2.65945e-15
2.49	-2.65053e-15
2.495	-2.64162e-15
2.5	-2.63272e-15
2.505	-2.62384e-15
2.51	-2.61496e-15
2.515	-2.6061e-15
2.52	-2.59726e-15
2.525	-2.58843e-15
2.53	-2.57962e-15
2.535	-2.57083e-15
2.54	-2.56205e-15
2.545	-2.5533e-15
2.55	-2.54456e-15
2.555	-2.53585e-15
2.56	-2.52716e-15
2.565	-2.51849e-15
2.57	-2.50984e-15
2.575	-2.50122e-15
2.58	-2.49262e-15
2.585	-2.48405e-15
2.59	-2.4755e-15
2.595	-2.46698e-15
2.6	-2.45849e-15
2.605	-2.45002e-15
2.61	-2.44158e-15
2.615	-2.43316e-15
2.62	-2.42478e-15
2.625	-2.41642e-15
2.63	-2.40809e-15
2.635	-2.39979e-15
2.64	-2.39152e-15
2.645	-2.38328e-15
2.65	-2.37506e-15
2.655	-2.36688e-15
2.66	-2.35873e-15
2.665	-2.35061e-15
2.67	-2.34252e-15
2.675	-2.33446e-15
2.68	-2.32643e-15
2.685	-2.31844e-15
2.69	-2.31047e-15
2.695	-2.30254e-15
2.7	-2.29464e-15
2.705	-2.28677e-15
2.71	-2.27893e-15
2.715	-2.27113e-15
2.72	-2.26336e-15
2.725	-2.25562e-15
2.73	-2.24791e-15
2.735	-2.24023e-15
2.74	-2.23259e-15
2.745	-2.22498e-15
2.75	-2.2174e-15
2.755	-2.20986e-15
2.76	-2.20235e-15
2.765	-2.19487e-15
2.77	-2.18742e-15
2.775	-2.18001e-15
2.78	-2.17263e-15
2.785	-2.16528e-15
2.79	-2.15797e-15
2.795	-2.15068e-15
2.8	-2.14344e-15
2.805	-2.13622e-15
2.81	-2.12904e-15
2.815	-2.12189e-15
2.82	-2.11477e-15
2.825	-2.10768e-15
2.83	-2.10063e-15
2.835	-2.09361e-15
2.84	-2.08662e-15
2.845	-2.07967e-15
2.85	-2.07275e-15
2.855	-2.06586e-15
2.86	-2.059e-15
2.865	-2.05218e-15
2.87	-2.04539e-15
2.875	-2.03862e-15
2.88	-2.0319e-15
2.885	-2.0252e-15
2.89	-2.01854e-15
2.895	-2.0119e-15
2.9	-2.0053e-15
2.905	-1.99874e-15
2.91	-1.9922e-15
2.915	-1.98569e-15
2.92	-1.97922e-15
2.925	-1.97278e-15
2.93	-1.96637e-15
2.935	-1.95999e-15
2.94	-1.95364e-15
2.945	-1.94732e-15
2.95	-1.94103e-15
2.955	-1.93477e-15
2.96	-1.92855e-15
2.965	-1.92235e-15
2.97	-1.91619e-15
2.975	-1.91006e-15
2.98	-1.90395e-15
2.985	-1.89788e-15
2.99	-1.89183e-15
2.995	-1.88582e-15
3	-1.87984e-15
3.005	-1.87388e-15
3.01	-1.86796e-15
3.015	-1.86206e-15
3.02	-1.8562e-15
3.025	-1.85036e-15
3.03	-1.84455e-15
3.035	-1.83878e-15
3.04	-1.83303e-15
3.045	-1.82731e-15
3.05	-1.82161e-15
3.055	-1.81595e-15
3.06	-1.81032e-15
3.065	-1.80471e-15
3.07	-1.79913e-15
3.075	-1.79358e-15
3.08	-1.78806e-15
3.085	-1.78257e-15
3.09	-1.7771e-15
3.095	-1.77166e-15
3.1	-1.76625e-15
3.105	-1.76087e-15
3.11	-1.75551e-15
3.115	-1.75018e-15
3.12	-1.74488e-15
3.125	-1.7396e-15
3.13	-1.73436e-15
3.135	-1.72913e-15
3.14	-1.72394e-15
3.145	-1.71877e-15
3.15	-1.71363e-15
3.155	-1.70851e-15
3.16	-1.70342e-15
3.165	-1.69836e-15
3.17	-1.69332e-15
3.175	-1.68831e-15
3.18	-1.68332e-15
3.185	-1.67836e-15
3.19	-1.67342e-15
3.195	-1.66851e-15
3.2	-1.66362e-15
3.205	-1.65876e-15
3.21	-1.65393e-15
3.215	-1.64912e-15
3.22	-1.64433e-15
3.225	-1.63957e-15
3.23	-1.63483e-15
3.235	-1.63012e-15
3.24	-1.62543e-15
3.245	-1.62076e-15
3.25	-1.61612e-15
3.255	-1.6115e-15
3.26	-1.60691e-15
3.265	-1.60234e-15
3.27	-1.59779e-15
3.275	-1.59327e-15
3.28	-1.58877e-15
3.285	-1.58429e-15
3.29	-1.57984e-15
3.295	-1.57541e-15
3.3	-1.571e-15
3.305	-1.56662e-15
3.31	-1.56225e-15
3.315	-1.55791e-15
3.32	-1.5536e-15
3.325	-1.5493e-15
3.33	-1.54503e-15
3.335	-1.54078e-15
3.34	-1.53655e-15
3.345	-1.53234e-15
3.35	-1.52815e-15
3.355	-1.52399e-15
3.36	-1.51984e-15
3.365	-1.51572e-15
3.37	-1.51162e-15
3.375	-1.50754e-15
3.38	-1.50348e-15
3.385	-1.49945e-15
3.39	-1.49543e-15
3.395	-1.49144e-15
3.4	-1.48746e-15
3.405	-1.48351e-15
3.41	-1.47957e-15
3.415	-1.47566e-15
3.42	-1.47176e-15
3.425	-1.46789e-15
3.43	-1.46404e-15
3.435	-1.4602e-15
3.44	-1.45639e-15
3.445	-1.45259e-15
3.45	-1.44882e-15
3.455	-1.44506e-15
3.46	-1.44133e-15
3.465	-1.43761e-15
3.47	-1.43391e-15
3.475	-1.43024e-15
3.48	-1.42658e-15
3.485	-1.42294e-15
3.49	-1.41931e-15
3.495	-1.41571e-15
3.5	-1.41213e-15
3.505	-1.40856e-15
3.51	-1.40501e-15
3.515	-1.40148e-15
3.52	-1.39797e-15
3.525	-1.39448e-15
3.53	-1.391e-15
3.535	-1.38755e-15
3.54	-1.38411e-15
3.545	-1.38069e-15
3.55	-1.37728e-15
3.555	-1.3739e-15
3.56	-1.37053e-15
3.565	-1.36717e-15
3.57	-1.36384e-15
3.575	-1.36052e-15
3.58	-1.35722e-15
3.585	-1.35394e-15
3.59	-1.35067e-15
3.595	-1.34742e-15
3.6	-1.34419e-15
3.605	-1.34097e-15
3.61	-1.33777e-15
3.615	-1.33459e-15
3.62	-1.33142e-15
3.625	-1.32827e-15
3.63	-1.32514e-15
3.635	-1.32202e-15
3.64	-1.31892e-15
3.645	-1.31583e-15
3.65	-1.31276e-15
3.655	-1.30971e-15
3.66	-1.30667e-15
3.665	-1.30364e-15
3.67	-1.30064e-15
3.675	-1.29764e-15
3.68	-1.29467e-15
3.685	-1.2917e-15
3.69	-1.28876e-15
3.695	-1.28583e-15
3.7	-1.28291e-15
3.705	-1.28001e-15
3.71	-1.27712e-15
3.715	-1.27425e-15
3.72	-1.27139e-15
3.725	-1.26855e-15
3.73	-1.26572e-15
3.735	-1.26291e-15
3.74	-1.26011e-15
3.745	-1.25732e-15
3.75	-1.25455e-15
3.755	-1.25179e-15
3.76	-1.24905e-15
3.765	-1.24632e-15
3.77	-1.24361e-15
3.775	-1.24091e-15
3.78	-1.23822e-15
3.785	-1.23555e-15
3.79	-1.23289e-15
3.795	-1.23024e-15
3.8	-1.22761e-15
3.805	-1.22499e-15
3.81	-1.22238e-15
3.815	-1.21979e-15
3.82	-1.21721e-15
3.825	-1.21464e-15
3.83	-1.21209e-15
3.835	-1.20955e-15
3.84	-1.20702e-15
3.845	-1.20451e-15
3.85	-1.20201e-15
3.855	-1.19952e-15
3.86	-1.19704e-15
3.865	-1.19458e-15
3.87	-1.19213e-15
3.875	-1.18969e-15
3.88	-1.18726e-15
3.885	-1.18485e-15
3.89	-1.18244e-15
3.895	-1.18005e-15
3.9	-1.17767e-15
3.905	-1.17531e-15
3.91	-1.17296e-15
3.915	-1.17061e-15
3.92	-1.16828e-15
3.925	-1.16596e-15
3.93	-1.16366e-15
3.935	-1.16136e-15
3.94	-1.15908e-15
3.945	-1.15681e-15
3.95	-1.15455e-15
3.955	-1.1523e-15
3.96	-1.15006e-15
3.965	-1.14783e-15
3.97	-1.14562e-15
3.975	-1.14341e-15
3.98	-1.14122e-15
3.985	-1.13904e-15
3.99	-1.13687e-15
3.995	-1.13471e-15
4	-1.13256e-15
4.005	-1.13042e-15
4.01	-1.12829e-15
4.015	-1.12617e-15
4.02	-1.12407e-15
4.025	-1.12197e-15
4.03	-1.11988e-15
4.035	-1.11781e-15
4.04	-1.11574e-15
4.045	-1.11369e-15
4.05	-1.11165e-15
4.055	-1.10961e-15
4.06	-1.10759e-15
4.065	-1.10557e-15
4.07	-1.10357e-15
4.075	-1.10158e-15
4.08	-1.09959e-15
4.085	-1.09762e-15
4.09	-1.09565e-15
4.095	-1.0937e-15
4.1	-1.09176e-15
4.105	-1.08982e-15
4.11	-1.0879e-15
4.115	-1.08598e-15
4.12	-1.08407e-15
4.125	-1.08218e-15
4.13	-1.08029e-15
4.135	-1.07841e-15
4.14	-1.07654e-15
4.145	-1.07468e-15
4.15	-1.07283e-15
4.155	-1.07099e-15
4.16	-1.06916e-15
4.165	-1.06734e-15
4.17	-1.06552e-15
4.175	-1.06372e-15
4.18	-1.06192e-15
4.185	-1.06014e-15
4.19	-1.05836e-15
4.195	-1.05659e-15
4.2	-1.05483e-15
4.205	-1.05308e-15
4.21	-1.05133e-15
4.215	-1.0496e-15
4.22	-1.04787e-15
4.225	-1.04615e-15
4.23	-1.04444e-15
4.235	-1.04274e-15
4.24	-1.04105e-15
4.245	-1.03937e-15
4.25	-1.03769e-15
4.255	-1.03602e-15
4.26	-1.03436e-15
4.265	-1.03271e-15
4.27	-1.03107e-15
4.275	-1.02943e-15
4.28	-1.02781e-15
4.285	-1.02619e-15
4.29	-1.02457e-15
4.295	-1.02297e-15
4.3	-1.02137e-15
4.305	-1.01979e-15
4.31	-1.01821e-15
4.315	-1.01663e-15
4.32	-1.01507e-15
4.325	-1.01351e-15
4.33	-1.01196e-15
4.335	-1.01042e-15
4.34	-1.00888e-15
4.345	-1.00736e-15
4.35	-1.00584e-15
4.355	-1.00432e-15
4.36	-1.00282e-15
4.365	-1.00132e-15
4.37	-9.99831e-16
4.375	-9.98348e-16
4.38	-9.96872e-16
4.385	-9.95403e-16
4.39	-9.93941e-16
4.395	-9.92486e-16
4.4	-9.91038e-16
4.405	-9.89597e-16
4.41	-9.88163e-16
4.415	-9.86736e-16
4.42	-9.85316e-16
4.425	-9.83902e-16
4.43	-9.82496e-16
4.435	-9.81096e-16
4.44	-9.79703e-16
4.445	-9.78317e-16
4.45	-9.76937e-16
4.455	-9.75564e-16
4.46	-9.74197e-16
4.465	-9.72838e-16
4.47	-9.71484e-16
4.475	-9.70137e-16
4.48	-9.68797e-16
4.485	-9.67463e-16
4.49	-9.66135e-16
4.495	-9.64814e-16
4.5	-9.63499e-16
4.505	-9.6219e-16
4.51	-9.60887e-16
4.515	-9.59591e-16
4.52	-9.58301e-16
4.525	-9.57017e-16
4.53	-9.55739e-16
4.535	-9.54467e-16
4.54	-9.53201e-16
4.545	-9.51942e-16
4.55	-9.50688e-16
4.555	-9.4944e-16
4.56	-9.48198e-16
4.565	-9.46962e-16
4.57	-9.45732e-16
4.575	-9.44508e-16
4.58	-9.43289e-16
4.585	-9.42077e-16
4.59	-9.4087e-16
4.595	-9.39668e-16
4.6	-9.38473e-16
4.605	-9.37283e-16
4.61	-9.36098e-16
4.615	-9.34919e-16
4.62	-9.33746e-16
4.625	-9.32578e-16
4.63	-9.31416e-16
4.635	-9.30259e-16
4.64	-9.29108e-16
4.645	-9.27962e-16
4.65	-9.26822e-16
4.655	-9.25686e-16
4.66	-9.24556e-16
4.665	-9.23432e-16
4.67	-9.22313e-16
4.675	-9.21199e-16
4.68	-9.2009e-16
4.685	-9.18986e-16
4.69	-9.17887e-16
4.695	-9.16794e-16
4.7	-9.15706e-16
4.705	-9.14623e-16
4.71	-9.13544e-16
4.715	-9.12471e-16
4.72	-9.11403e-16
4.725	-9.1034e-16
4.73	-9.09282e-16
4.735	-9.08228e-16
4.74	-9.0718e-16
4.745	-9.06136e-16
4.75	-9.05098e-16
4.755	-9.04064e-16
4.76	-9.03035e-16
4.765	-9.0201e-16
4.77	-9.00991e-16
4.775	-8.99976e-16
4.78	-8.98966e-16
4.785	-8.9796e-16
4.79	-8.96959e-16
4.795	-8.95963e-16
4.8	-8.94971e-16
4.805	-8.93984e-16
4.81	-8.93002e-16
4.815	-8.92024e-16
4.82	-8.9105e-16
4.825	-8.90081e-16
4.83	-8.89117e-16
4.835	-8.88156e-16
4.84	-8.87201e-16
4.845	-8.86249e-16
4.85	-8.85302e-16
4.855	-8.8436e-16
4.86	-8.83421e-16
4.865	-8.82487e-16
4.87	-8.81557e-16
4.875	-8.80632e-16
4.88	-8.7971e-16
4.885	-8.78793e-16
4.89	-8.7788e-16
4.895	-8.76972e-16
4.9	-8.76067e-16
4.905	-8.75166e-16
4.91	-8.7427e-16
4.915	-8.73378e-16
4.92	-8.72489e-16
4.925	-8.71605e-16
4.93	-8.70725e-16
4.935	-8.69849e-16
4.94	-8.68977e-16
4.945	-8.68108e-16
4.95	-8.67244e-16
4.955	-8.66383e-16
4.96	-8.65527e-16
4.965	-8.64674e-16
4.97	-8.63825e-16
4.975	-8.6298e-16
4.98	-8.62139e-16
4.985	-8.61302e-16
4.99	-8.60468e-16
4.995	-8.59638e-16
5	-8.58812e-16
5.005	-8.57989e-16
5.01	-8.57171e-16
5.015	-8.56356e-16
5.02	-8.55544e-16
5.025	-8.54737e-16
5.03	-8.53932e-16
5.035	-8.53132e-16
5.04	-8.52335e-16
5.045	-8.51542e-16
5.05	-8.50752e-16
5.055	-8.49965e-16
5.06	-8.49183e-16
5.065	-8.48403e-16
5.07	-8.47628e-16
5.075	-8.46855e-16
5.08	-8.46086e-16
5.085	-8.45321e-16
5.09	-8.44559e-16
5.095	-8.438e-16
5.1	-8.43045e-16
5.105	-8.42293e-16
5.11	-8.41544e-16
5.115	-8.40799e-16
5.12	-8.40057e-16
5.125	-8.39318e-16
5.13	-8.38583e-16
5.135	-8.37851e-16
5.14	-8.37122e-16
5.145	-8.36396e-16
5.15	-8.35674e-16
5.155	-8.34954e-16
5.16	-8.34238e-16
5.165	-8.33525e-16
5.17	-8.32815e-16
5.175	-8.32109e-16
5.18	-8.31405e-16
5.185	-8.30704e-16
5.19	-8.30007e-16
5.195	-8.29313e-16
5.2	-8.28621e-16
5.205	-8.27933e-16
5.21	-8.27248e-16
5.215	-8.26566e-16
5.22	-8.25886e-16
5.225	-8.2521e-16
5.23	-8.24537e-16
5.235	-8.23866e-16
5.24	-8.23199e-16
5.245	-8.22534e-16
5.25	-8.21873e-16
5.255	-8.21214e-16
5.26	-8.20558e-16
5.265	-8.19905e-16
5.27	-8.19255e-16
5.275	-8.18607e-16
5.28	-8.17963e-16
5.285	-8.17321e-16
5.29	-8.16682e-16
5.295	-8.16046e-16
5.3	-8.15413e-16
5.305	-8.14782e-16
5.31	-8.14154e-16
5.315	-8.13529e-16
5.32	-8.12906e-16
5.325	-8.12286e-16
5.33	-8.11669e-16
5.335	-8.11055e-16
5.34	-8.10443e-16
5.345	-8.09834e-16
5.35	-8.09227e-16
5.355	-8.08623e-16
5.36	-8.08022e-16
5.365	-8.07423e-16
5.37	-8.06827e-16
5.375	-8.06233e-16
5.38	-8.05642e-16
5.385	-8.05053e-16
5.39	-8.04467e-16
5.395	-8.03884e-16
5.4	-8.03303e-16
5.405	-8.02724e-16
5.41	-8.02148e-16
5.415	-8.01575e-16
5.42	-8.01003e-16
5.425	-8.00435e-16
5.43	-7.99868e-16
5.435	-7.99305e-16
5.44	-7.98743e-16
5.445	-7.98184e-16
5.45	-7.97627e-16
5.455	-7.97073e-16
5.46	-7.96521e-16
5.465	-7.95971e-16
5.47	-7.95424e-16
5.475	-7.94879e-16
5.48	-7.94336e-16
5.485	-7.93796e-16
5.49	-7.93258e-16
5.495	-7.92722e-16
5.5	-7.92189e-16
5.505	-7.91657e-16
5.51	-7.91128e-16
5.515	-7.90601e-16
5.52	-7.90077e-16
5.525	-7.89555e-16
5.53	-7.89034e-16
5.535	-7.88516e-16
5.54	-7.88001e-16
5.545	-7.87487e-16
5.55	-7.86975e-16
5.555	-7.86466e-16
5.56	-7.85959e-16
5.565	-7.85454e-16
5.57	-7.84951e-16
5.575	-7.8445e-16
5.58	-7.83951e-16
5.585	-7.83455e-16
5.59	-7.8296e-16
5.595	-7.82468e-16
5.6	-7.81977e-16
5.605	-7.81489e-16
5.61	-7.81002e-16
5.615	-7.80518e-16
5.62	-7.80036e-16
5.625	-7.79555e-16
5.63	-7.79077e-16
5.635	-7.78601e-16
5.64	-7.78126e-16
5.645	-7.77654e-16
5.65	-7.77183e-16
5.655	-7.76715e-16
5.66	-7.76248e-16
5.665	-7.75784e-16
5.67	-7.75321e-16
5.675	-7.7486e-16
5.68	-7.74402e-16
5.685	-7.73945e-16
5.69	-7.73489e-16
5.695	-7.73036e-16
5.7	-7.72585e-16
5.705	-7.72135e-16
5.71	-7.71688e-16
5.715	-7.71242e-16
5.72	-7.70798e-16
5.725	-7.70356e-16
5.73	-7.69916e-16
5.735	-7.69477e-16
5.74	-7.6904e-16
5.745	-7.68606e-16
5.75	-7.68172e-16
5.755	-7.67741e-16
5.76	-7.67311e-16
5.765	-7.66884e-16
5.77	-7.66458e-16
5.775	-7.66033e-16
5.78	-7.65611e-16
5.785	-7.6519e-16
5.79	-7.6477e-16
5.795	-7.64353e-16
5.8	-7.63937e-16
5.805	-7.63523e-16
5.81	-7.63111e-16
5.815	-7.627e-16
5.82	-7.62291e-16
5.825	-7.61884e-16
5.83	-7.61478e-16
5.835	-7.61074e-16
5.84	-7.60671e-16
5.845	-7.6027e-16
5.85	-7.59871e-16
5.855	-7.59474e-16
5.86	-7.59078e-16
5.865	-7.58683e-16
5.87	-7.5829e-16
5.875	-7.57899e-16
5.88	-7.5751e-16
5.885	-7.57121e-16
5.89	-7.56735e-16
5.895	-7.5635e-16
5.9	-7.55967e-16
5.905	-7.55585e-16
5.91	-7.55204e-16
5.915	-7.54826e-16
5.92	-7.54448e-16
5.925	-7.54072e-16
5.93	-7.53698e-16
5.935	-7.53325e-16
5.94	-7.52954e-16
5.945	-7.52584e-16
5.95	-7.52216e-16
5.955	-7.51849e-16
5.96	-7.51484e-16
5.965	-7.5112e-16
5.97	-7.50757e-16
5.975	-7.50396e-16
5.98	-7.50037e-16
5.985	-7.49678e-16
5.99	-7.49322e-16
5.995	-7.48966e-16
6	-7.48612e-16
0 unlabeled lines
