-0.0025	-0.0108116		two fibers_not connected to ground	-0.01081155
0.0025	-0.0108116		dist = 0.1	-0.01081155
0.0075	-0.0108114		node15_inap	-0.010811391
0.0125	-0.0108113			-0.010811292
0.0175	-0.0108113			-0.010811226
0.0225	-0.0108112			-0.010811177
0.0275	-0.0108112			-0.01081114
0.0325	-0.0108112			-0.010811109
0.0375	-0.0108111			-0.010811082
0.0425	-0.0108111			-0.010811058
0.0475	-0.0108111			-0.010811037
0.0525	-0.0108111			-0.010811018
0.0575	-0.010811			-0.010811
0.0625	-0.010811			-0.010810984
0.0675	-0.010811			-0.010810969
0.0725	-0.010811			-0.010810956
0.0775	-0.010811			-0.010810943
0.0825	-0.010811			-0.010810932
0.0875	-0.010811			-0.010810921
0.0925	-0.0108109			-0.010810912
0.0975	-0.0108109			-0.010810903
0.1025	-0.0108109			-0.010810895
0.1075	-0.0108109			-0.010810887
0.1125	-0.0108109			-0.01081088
0.1175	-0.0108109			-0.010810874
0.1225	-0.0108109			-0.010810869
0.1275	-0.0108109			-0.010810864
0.1325	-0.0108109			-0.010810859
0.1375	-0.0108109			-0.010810855
0.1425	-0.0108109			-0.010810852
0.1475	-0.0108109			-0.010810848
0.1525	-0.0108109			-0.010810846
0.1575	-0.0108109			-0.010810843
0.1625	-0.0108109			-0.010810841
0.1675	-0.0108109			-0.01081084
0.1725	-0.0108109			-0.010810838
0.1775	-0.0108109			-0.010810837
0.1825	-0.0108109			-0.010810837
0.1875	-0.0108109			-0.010810836
0.1925	-0.0108109			-0.010810836
0.1975	-0.0108109			-0.010810836
0.2025	-0.0108109			-0.010810837
0.2075	-0.0108109			-0.010810837
0.2125	-0.0108109			-0.010810838
0.2175	-0.0108109			-0.010810839
0.2225	-0.0108109			-0.010810841
0.2275	-0.0108109			-0.010810842
0.2325	-0.0108109			-0.010810844
0.2375	-0.0108109			-0.010810846
0.2425	-0.0108109			-0.010810848
0.2475	-0.0108109			-0.01081085
0.2525	-0.0108109			-0.010810852
0.2575	-0.0108109			-0.010810855
0.2625	-0.0108109			-0.010810858
0.2675	-0.0108109			-0.010810861
0.2725	-0.0108109			-0.010810864
0.2775	-0.0108109			-0.010810867
0.2825	-0.0108109			-0.01081087
0.2875	-0.0108109			-0.010810874
0.2925	-0.0108109			-0.010810877
0.2975	-0.0108109			-0.010810881
0.3025	-0.0108109			-0.010810885
0.3075	-0.0108109			-0.010810889
0.3125	-0.0108109			-0.010810893
0.3175	-0.0108109			-0.010810897
0.3225	-0.0108109			-0.010810901
0.3275	-0.0108109			-0.010810906
0.3325	-0.0108109			-0.01081091
0.3375	-0.0108109			-0.010810915
0.3425	-0.0108109			-0.010810919
0.3475	-0.010811			-0.010810924
0.3525	-0.010811			-0.010810929
0.3575	-0.010811			-0.010810934
0.3625	-0.010811			-0.010810939
0.3675	-0.010811			-0.010810944
0.3725	-0.010811			-0.01081095
0.3775	-0.010811			-0.010810955
0.3825	-0.010811			-0.01081096
0.3875	-0.010811			-0.010810966
0.3925	-0.010811			-0.010810972
0.3975	-0.010811			-0.010810977
0.4025	-0.010811			-0.010810983
0.4075	-0.010811			-0.010810989
0.4125	-0.010811			-0.010810995
0.4175	-0.010811			-0.010811001
0.4225	-0.010811			-0.010811007
0.4275	-0.010811			-0.010811013
0.4325	-0.010811			-0.010811019
0.4375	-0.0108111			-0.010811025
0.4425	-0.0108111			-0.010811032
0.4475	-0.0108111			-0.010811038
0.4525	-0.0108111			-0.010811045
0.4575	-0.0108111			-0.010811051
0.4625	-0.0108111			-0.010811058
0.4675	-0.0108111			-0.010811064
0.4725	-0.0108111			-0.010811071
0.4775	-0.0108111			-0.010811078
0.4825	-0.0108111			-0.010811085
0.4875	-0.0108111			-0.010811091
0.4925	-0.0108111			-0.010811098
0.4975	-0.0108111			-0.010811105
0.5025	-0.0108111			-0.010811112
0.5075	-0.0108111			-0.01081112
0.5125	-0.0108111			-0.010811127
0.5175	-0.0108112			-0.010811134
0.5225	-0.0108112			-0.010811141
0.5275	-0.0108112			-0.010811149
0.5325	-0.0108112			-0.010811156
0.5375	-0.0108112			-0.010811163
0.5425	-0.0108112			-0.010811171
0.5475	-0.0108112			-0.010811178
0.5525	-0.0108112			-0.010811186
0.5575	-0.0108112			-0.010811194
0.5625	-0.0108112			-0.010811201
0.5675	-0.0108112			-0.010811209
0.5725	-0.0108112			-0.010811217
0.5775	-0.0108112			-0.010811225
0.5825	-0.0108113			-0.010811232
0.5875	-0.0108113			-0.01081124
0.5925	-0.0108113			-0.010811248
0.5975	-0.0108113			-0.010811256
0.6025	-0.0108113			-0.010811264
0.6075	-0.0108113			-0.010811272
0.6125	-0.0108113			-0.01081128
0.6175	-0.0108113			-0.010811289
0.6225	-0.0108113			-0.010811297
0.6275	-0.0108113			-0.010811305
0.6325	-0.0108113			-0.010811313
0.6375	-0.0108113			-0.010811322
0.6425	-0.0108113			-0.01081133
0.6475	-0.0108114			-0.010811339
0.6525	-0.0108114			-0.010811347
0.6575	-0.0108114			-0.010811355
0.6625	-0.0108114			-0.010811364
0.6675	-0.0108114			-0.010811373
0.6725	-0.0108114			-0.010811381
0.6775	-0.0108114			-0.01081139
0.6825	-0.0108114			-0.010811399
0.6875	-0.0108114			-0.010811407
0.6925	-0.0108114			-0.010811416
0.6975	-0.0108114			-0.010811425
0.7025	-0.0108114			-0.010811434
0.7075	-0.0108115			-0.010811443
0.7125	-0.0108115			-0.010811451
0.7175	-0.0108115			-0.01081146
0.7225	-0.0108115			-0.010811469
0.7275	-0.0108115			-0.010811478
0.7325	-0.0108115			-0.010811487
0.7375	-0.0108115			-0.010811497
0.7425	-0.0108115			-0.010811506
0.7475	-0.0108115			-0.010811515
0.7525	-0.0108115			-0.010811524
0.7575	-0.0108115			-0.010811533
0.7625	-0.0108115			-0.010811542
0.7675	-0.0108116			-0.010811552
0.7725	-0.0108116			-0.010811561
0.7775	-0.0108116			-0.01081157
0.7825	-0.0108116			-0.01081158
0.7875	-0.0108116			-0.010811589
0.7925	-0.0108116			-0.010811599
0.7975	-0.0108116			-0.010811608
0.8025	-0.0108116			-0.010811618
0.8075	-0.0108116			-0.010811627
0.8125	-0.0108116			-0.010811637
0.8175	-0.0108116			-0.010811646
0.8225	-0.0108117			-0.010811656
0.8275	-0.0108117			-0.010811666
0.8325	-0.0108117			-0.010811675
0.8375	-0.0108117			-0.010811685
0.8425	-0.0108117			-0.010811695
0.8475	-0.0108117			-0.010811705
0.8525	-0.0108117			-0.010811714
0.8575	-0.0108117			-0.010811724
0.8625	-0.0108117			-0.010811734
0.8675	-0.0108117			-0.010811744
0.8725	-0.0108117			-0.010811754
0.8775	-0.0108118			-0.010811764
0.8825	-0.0108118			-0.010811774
0.8875	-0.0108118			-0.010811784
0.8925	-0.0108118			-0.010811794
0.8975	-0.0108118			-0.010811804
0.9025	-0.0108118			-0.010811814
0.9075	-0.0108118			-0.010811824
0.9125	-0.0108118			-0.010811834
0.9175	-0.0108118			-0.010811845
0.9225	-0.0108118			-0.010811855
0.9275	-0.0108119			-0.010811865
0.9325	-0.0108119			-0.010811875
0.9375	-0.0108119			-0.010811886
0.9425	-0.0108119			-0.010811896
0.9475	-0.0108119			-0.010811906
0.9525	-0.0108119			-0.010811917
0.9575	-0.0108119			-0.010811927
0.9625	-0.0108119			-0.010811937
0.9675	-0.0108119			-0.010811948
0.9725	-0.0108119			-0.010811958
0.9775	-0.010812			-0.010811969
0.9825	-0.010812			-0.010811979
0.9875	-0.010812			-0.01081199
0.9925	-0.010812			-0.010812
0.9975	-0.010812			-0.010812011
1.0025	-0.010812			-0.010812022
1.0075	-0.010812			-0.010812032
1.0125	-0.010812			-0.010812042
1.0175	-0.010812			-0.010812052
1.0225	-0.010812			-0.010812061
1.0275	-0.0108121			-0.010812069
1.0325	-0.0108121			-0.010812075
1.0375	-0.0108121			-0.010812079
1.0425	-0.0108121			-0.010812081
1.0475	-0.0108121			-0.01081208
1.0525	-0.0108121			-0.010812076
1.0575	-0.0108121			-0.010812068
1.0625	-0.0108121			-0.010812056
1.0675	-0.0108121			-0.010812037
1.0725	-0.0108121			-0.010812012
1.0775	-0.0108121			-0.010811979
1.0825	-0.0108121			-0.010811937
1.0875	-0.0108121			-0.010811883
1.0925	-0.0108121			-0.010811815
1.0975	-0.010812			-0.01081173
1.1025	-0.010812			-0.010811624
1.1075	-0.010812			-0.010811495
1.1125	-0.0108119			-0.010811335
1.1175	-0.0108118			-0.01081114
1.1225	-0.0108118			-0.010810902
1.1275	-0.0108117			-0.010810612
1.1325	-0.0108116			-0.010810258
1.1375	-0.0108114			-0.010809828
1.1425	-0.0108113			-0.010809306
1.1475	-0.010811			-0.010808673
1.1525	-0.0108108			-0.010807905
1.1575	-0.0108105			-0.010806972
1.1625	-0.0108101			-0.010805843
1.1675	-0.0108097			-0.010804479
1.1725	-0.0108092			-0.010802825
1.1775	-0.0108086			-0.010800815
1.1825	-0.0108078			-0.010798386
1.1875	-0.010807			-0.010795462
1.1925	-0.0108059			-0.010791918
1.1975	-0.0108046			-0.010787601
1.2025	-0.0108031			-0.010782387
1.2075	-0.0108012			-0.010776128
1.2125	-0.010799			-0.010768554
1.2175	-0.0107964			-0.0107593
1.2225	-0.0107933			-0.010748108
1.2275	-0.0107895			-0.010734735
1.2325	-0.010785			-0.010718591
1.2375	-0.0107796			-0.010698774
1.2425	-0.0107731			-0.010674739
1.2475	-0.0107653			-0.010646197
1.2525	-0.0107561			-0.010611912
1.2575	-0.010745			-0.010569574
1.2625	-0.0107318			-0.010517917
1.2675	-0.0107159			-0.010457101
1.2725	-0.0106968			-0.010384723
1.2775	-0.0106742			-0.010294732
1.2825	-0.0106473			-0.01018376
1.2875	-0.0106148			-0.010054675
1.2925	-0.0105755			-0.009903732
1.2975	-0.0105289			-0.009714881
1.3025	-0.0104743			-0.009478235
1.3075	-0.0104087			-0.009207845
1.3125	-0.0103285			-0.008903101
1.3175	-0.0102321			-0.008521863
1.3225	-0.0101204			-0.008035386
1.3275	-0.00998992			-0.007498517
1.3325	-0.00983009			-0.006943953
1.3375	-0.00963249			-0.00625647
1.3425	-0.0094029			-0.005334866
1.3475	-0.00914652			-0.004387892
1.3525	-0.00884361			-0.003851576
1.3575	-0.00846045			-0.003739484
1.3625	-0.00799907			-0.003784185
1.3675	-0.00751455			-0.003844059
1.3725	-0.00700743			-0.003974386
1.3775	-0.00637889			-0.004238462
1.3825	-0.00554889			-0.004602698
1.3875	-0.00466484			-0.005018157
1.3925	-0.00409852			-0.005482069
1.3975	-0.0039508			-0.00601912
1.4025	-0.00402186			-0.006633623
1.4075	-0.00413118			-0.007313707
1.4125	-0.00423904			-0.008053057
1.4175	-0.00442169			-0.008857261
1.4225	-0.0047279			-0.009731196
1.4275	-0.00513509			-0.010673462
1.4325	-0.00560196			-0.011680906
1.4375	-0.00611272			-0.01275316
1.4425	-0.00668288			-0.013891115
1.4475	-0.00732828			-0.015094008
1.4525	-0.00804883			-0.016359466
1.4575	-0.00883565			-0.017685042
1.4625	-0.00968333			-0.019068666
1.4675	-0.0105941			-0.020507866
1.4725	-0.0115718			-0.021999371
1.4775	-0.0126168			-0.023539431
1.4825	-0.0137265			-0.02512418
1.4875	-0.0148976			-0.0267496
1.4925	-0.0161287			-0.028411367
1.4975	-0.0174186			-0.030104891
1.5025	-0.0187652			-0.03182547
1.5075	-0.0201655			-0.033568388
1.5125	-0.0216158			-0.035328914
1.5175	-0.0231125			-0.037102324
1.5225	-0.0246519			-0.038883967
1.5275	-0.0262301			-0.040669334
1.5325	-0.0278429			-0.042454097
1.5375	-0.0294857			-0.044234132
1.5425	-0.031154			-0.046005545
1.5475	-0.0328433			-0.047764709
1.5525	-0.0345489			-0.049508278
1.5575	-0.0362665			-0.051233203
1.5625	-0.0379916			-0.052936733
1.5675	-0.0397198			-0.054616416
1.5725	-0.0414471			-0.0562701
1.5775	-0.0431695			-0.057895921
1.5825	-0.0448833			-0.059492296
1.5875	-0.0465852			-0.061057902
1.5925	-0.048272			-0.062591666
1.5975	-0.0499407			-0.064092741
1.6025	-0.0515889			-0.065560493
1.6075	-0.0532141			-0.066994477
1.6125	-0.0548144			-0.068394418
1.6175	-0.0563879			-0.069760195
1.6225	-0.0579333			-0.071091821
1.6275	-0.0594492			-0.072389426
1.6325	-0.0609346			-0.073653243
1.6375	-0.0623888			-0.074883592
1.6425	-0.063811			-0.076080868
1.6475	-0.065201			-0.077245527
1.6525	-0.0665584			-0.078378081
1.6575	-0.0678831			-0.079479085
1.6625	-0.069175			-0.080549129
1.6675	-0.0704345			-0.081588835
1.6725	-0.0716615			-0.082598845
1.6775	-0.0728565			-0.083579825
1.6825	-0.0740198			-0.084532451
1.6875	-0.0751518			-0.085457412
1.6925	-0.0762531			-0.086355405
1.6975	-0.077324			-0.087227132
1.7025	-0.0783652			-0.088073297
1.7075	-0.0793773			-0.088894604
1.7125	-0.0803609			-0.089691758
1.7175	-0.0813166			-0.090465458
1.7225	-0.082245			-0.091216401
1.7275	-0.0831468			-0.091945276
1.7325	-0.0840226			-0.092652764
1.7375	-0.0848732			-0.093339539
1.7425	-0.0856991			-0.094006263
1.7475	-0.086501			-0.094653588
1.7525	-0.0872797			-0.095282152
1.7575	-0.0880357			-0.095892581
1.7625	-0.0887697			-0.096485488
1.7675	-0.0894825			-0.09706147
1.7725	-0.0901745			-0.097621107
1.7775	-0.0908465			-0.098164966
1.7825	-0.091499			-0.098693596
1.7875	-0.0921328			-0.099207528
1.7925	-0.0927484			-0.099707279
1.7975	-0.0933463			-0.100193346
1.8025	-0.0939272			-0.100666211
1.8075	-0.0944917			-0.101126336
1.8125	-0.0950402			-0.101574169
1.8175	-0.0955734			-0.10201014
1.8225	-0.0960917			-0.102434662
1.8275	-0.0965957			-0.102848131
1.8325	-0.0970857			-0.103250929
1.8375	-0.0975624			-0.103643422
1.8425	-0.0980262			-0.104025958
1.8475	-0.0984775			-0.104398875
1.8525	-0.0989167			-0.104762494
1.8575	-0.0993443			-0.105117123
1.8625	-0.0997606			-0.105463057
1.8675	-0.100166			-0.105800578
1.8725	-0.100561			-0.106129955
1.8775	-0.100946			-0.106451449
1.8825	-0.10132			-0.106765307
1.8875	-0.101686			-0.107071765
1.8925	-0.102042			-0.107371051
1.8975	-0.102389			-0.107663383
1.9025	-0.102728			-0.107948969
1.9075	-0.103058			-0.10822801
1.9125	-0.10338			-0.108500696
1.9175	-0.103695			-0.108767212
1.9225	-0.104002			-0.109027734
1.9275	-0.104301			-0.109282433
1.9325	-0.104593			-0.109531471
1.9375	-0.104879			-0.109775006
1.9425	-0.105157			-0.110013186
1.9475	-0.105429			-0.110246159
1.9525	-0.105695			-0.110474064
1.9575	-0.105954			-0.110697036
1.9625	-0.106208			-0.110915203
1.9675	-0.106456			-0.111128693
1.9725	-0.106698			-0.111337625
1.9775	-0.106934			-0.111542117
1.9825	-0.107165			-0.111742281
1.9875	-0.107391			-0.111938227
1.9925	-0.107612			-0.112130059
1.9975	-0.107828			-0.112317881
2.0025	-0.108039			-0.112501792
2.0075	-0.108246			-0.112681886
2.0125	-0.108447			-0.112858257
2.0175	-0.108645			-0.113030995
2.0225	-0.108838			-0.113200187
2.0275	-0.109026			-0.113365917
2.0325	-0.109211			-0.113528269
2.0375	-0.109392			-0.113687322
2.0425	-0.109568			-0.113843153
2.0475	-0.109741			-0.113995837
2.0525	-0.10991			-0.114145448
2.0575	-0.110076			-0.114292057
2.0625	-0.110238			-0.114435733
2.0675	-0.110396			-0.114576544
2.0725	-0.110551			-0.114714553
2.0775	-0.110703			-0.114849826
2.0825	-0.110852			-0.114982424
2.0875	-0.110997			-0.115112407
2.0925	-0.11114			-0.115239834
2.0975	-0.111279			-0.115364762
2.1025	-0.111415			-0.115487246
2.1075	-0.111549			-0.115607341
2.1125	-0.11168			-0.115725099
2.1175	-0.111808			-0.115840571
2.1225	-0.111933			-0.115953808
2.1275	-0.112056			-0.116064859
2.1325	-0.112176			-0.116173769
2.1375	-0.112294			-0.116280587
2.1425	-0.112409			-0.116385356
2.1475	-0.112522			-0.116488121
2.1525	-0.112632			-0.116588924
2.1575	-0.112741			-0.116687807
2.1625	-0.112847			-0.116784811
2.1675	-0.112951			-0.116879975
2.1725	-0.113053			-0.116973338
2.1775	-0.113152			-0.117064938
2.1825	-0.11325			-0.11715481
2.1875	-0.113346			-0.117242991
2.1925	-0.11344			-0.117329516
2.1975	-0.113532			-0.117414418
2.2025	-0.113622			-0.117497731
2.2075	-0.11371			-0.117579487
2.2125	-0.113797			-0.117659717
2.2175	-0.113881			-0.117738453
2.2225	-0.113964			-0.117815724
2.2275	-0.114046			-0.117891558
2.2325	-0.114126			-0.117965986
2.2375	-0.114204			-0.118039034
2.2425	-0.114281			-0.11811073
2.2475	-0.114356			-0.1181811
2.2525	-0.114429			-0.11825017
2.2575	-0.114501			-0.118317965
2.2625	-0.114572			-0.118384509
2.2675	-0.114642			-0.118449827
2.2725	-0.114709			-0.118513942
2.2775	-0.114776			-0.118576876
2.2825	-0.114841			-0.118638652
2.2875	-0.114905			-0.118699292
2.2925	-0.114968			-0.118758816
2.2975	-0.11503			-0.118817246
2.3025	-0.11509			-0.118874602
2.3075	-0.115149			-0.118930902
2.3125	-0.115207			-0.118986168
2.3175	-0.115264			-0.119040416
2.3225	-0.11532			-0.119093666
2.3275	-0.115374			-0.119145936
2.3325	-0.115428			-0.119197242
2.3375	-0.11548			-0.119247603
2.3425	-0.115531			-0.119297034
2.3475	-0.115582			-0.119345552
2.3525	-0.115631			-0.119393173
2.3575	-0.11568			-0.119439912
2.3625	-0.115727			-0.119485785
2.3675	-0.115774			-0.119530806
2.3725	-0.115819			-0.11957499
2.3775	-0.115864			-0.119618351
2.3825	-0.115908			-0.119660903
2.3875	-0.115951			-0.119702659
2.3925	-0.115993			-0.119743632
2.3975	-0.116034			-0.119783836
2.4025	-0.116074			-0.119823283
2.4075	-0.116114			-0.119861985
2.4125	-0.116153			-0.119899955
2.4175	-0.11619			-0.119937204
2.4225	-0.116228			-0.119973743
2.4275	-0.116264			-0.120009585
2.4325	-0.1163			-0.120044739
2.4375	-0.116335			-0.120079217
2.4425	-0.116369			-0.12011303
2.4475	-0.116402			-0.120146188
2.4525	-0.116435			-0.1201787
2.4575	-0.116467			-0.120210577
2.4625	-0.116499			-0.120241828
2.4675	-0.11653			-0.120272463
2.4725	-0.11656			-0.120302491
2.4775	-0.116589			-0.120331922
2.4825	-0.116618			-0.120360763
2.4875	-0.116646			-0.120389025
2.4925	-0.116674			-0.120416714
2.4975	-0.116701			-0.12044384
2.5025	-0.116727			-0.120470411
2.5075	-0.116753			-0.120496435
2.5125	-0.116778			-0.12052192
2.5175	-0.116803			-0.120546873
2.5225	-0.116827			-0.120571301
2.5275	-0.116851			-0.120595213
2.5325	-0.116874			-0.120618616
2.5375	-0.116896			-0.120641516
2.5425	-0.116918			-0.120663921
2.5475	-0.11694			-0.120685836
2.5525	-0.116961			-0.12070727
2.5575	-0.116981			-0.120728229
2.5625	-0.117001			-0.120748718
2.5675	-0.11702			-0.120768745
2.5725	-0.117039			-0.120788315
2.5775	-0.117058			-0.120807435
2.5825	-0.117076			-0.12082611
2.5875	-0.117093			-0.120844346
2.5925	-0.117111			-0.120862149
2.5975	-0.117127			-0.120879525
2.6025	-0.117143			-0.12089648
2.6075	-0.117159			-0.120913017
2.6125	-0.117175			-0.120929144
2.6175	-0.11719			-0.120944864
2.6225	-0.117204			-0.120960184
2.6275	-0.117218			-0.120975108
2.6325	-0.117232			-0.12098964
2.6375	-0.117245			-0.121003787
2.6425	-0.117258			-0.121017553
2.6475	-0.11727			-0.121030942
2.6525	-0.117282			-0.121043959
2.6575	-0.117294			-0.121056609
2.6625	-0.117306			-0.121068895
2.6675	-0.117317			-0.121080823
2.6725	-0.117327			-0.121092396
2.6775	-0.117337			-0.121103619
2.6825	-0.117347			-0.121114496
2.6875	-0.117357			-0.121125031
2.6925	-0.117366			-0.121135228
2.6975	-0.117375			-0.121145091
2.7025	-0.117383			-0.121154624
2.7075	-0.117391			-0.12116383
2.7125	-0.117399			-0.121172714
2.7175	-0.117407			-0.121181278
2.7225	-0.117414			-0.121189527
2.7275	-0.117421			-0.121197464
2.7325	-0.117427			-0.121205093
2.7375	-0.117433			-0.121212417
2.7425	-0.117439			-0.12121944
2.7475	-0.117445			-0.121226164
2.7525	-0.11745			-0.121232593
2.7575	-0.117455			-0.121238731
2.7625	-0.11746			-0.12124458
2.7675	-0.117464			-0.121250144
2.7725	-0.117468			-0.121255425
2.7775	-0.117472			-0.121260428
2.7825	-0.117475			-0.121265154
2.7875	-0.117479			-0.121269606
2.7925	-0.117482			-0.121273788
2.7975	-0.117484			-0.121277703
2.8025	-0.117487			-0.121281352
2.8075	-0.117489			-0.12128474
2.8125	-0.117491			-0.121287868
2.8175	-0.117493			-0.12129074
2.8225	-0.117494			-0.121293358
2.8275	-0.117495			-0.121295724
2.8325	-0.117496			-0.121297841
2.8375	-0.117496			-0.121299713
2.8425	-0.117497			-0.12130134
2.8475	-0.117497			-0.121302726
2.8525	-0.117497			-0.121303873
2.8575	-0.117496			-0.121304784
2.8625	-0.117496			-0.12130546
2.8675	-0.117495			-0.121305905
2.8725	-0.117494			-0.12130612
2.8775	-0.117493			-0.121306107
2.8825	-0.117491			-0.12130587
2.8875	-0.117489			-0.121305409
2.8925	-0.117487			-0.121304728
2.8975	-0.117485			-0.121303828
2.9025	-0.117483			-0.121302712
2.9075	-0.11748			-0.121301381
2.9125	-0.117477			-0.121299838
2.9175	-0.117474			-0.121298084
2.9225	-0.117471			-0.121296122
2.9275	-0.117467			-0.121293953
2.9325	-0.117464			-0.12129158
2.9375	-0.11746			-0.121289005
2.9425	-0.117456			-0.121286228
2.9475	-0.117451			-0.121283253
2.9525	-0.117447			-0.121280081
2.9575	-0.117442			-0.121276713
2.9625	-0.117437			-0.121273152
2.9675	-0.117432			-0.1212694
2.9725	-0.117427			-0.121265457
2.9775	-0.117421			-0.121261327
2.9825	-0.117416			-0.12125701
2.9875	-0.11741			-0.121252508
2.9925	-0.117404			-0.121247822
2.9975	-0.117398			-0.121242956
3.0025	-0.117391			-0.121237909
3.0075	-0.117385			-0.121232684
3.0125	-0.117378			-0.121227282
3.0175	-0.117371			-0.121221705
3.0225	-0.117364			-0.121215955
3.0275	-0.117357			-0.121210032
3.0325	-0.117349			-0.121203939
3.0375	-0.117342			-0.121197676
3.0425	-0.117334			-0.121191246
3.0475	-0.117326			-0.121184649
3.0525	-0.117318			-0.121177887
3.0575	-0.11731			-0.121170963
3.0625	-0.117301			-0.121163875
3.0675	-0.117292			-0.121156628
3.0725	-0.117284			-0.121149221
3.0775	-0.117275			-0.121141656
3.0825	-0.117266			-0.121133934
3.0875	-0.117257			-0.121126057
3.0925	-0.117247			-0.121118026
3.0975	-0.117238			-0.121109842
3.1025	-0.117228			-0.121101506
3.1075	-0.117218			-0.12109302
3.1125	-0.117208			-0.121084386
3.1175	-0.117198			-0.121075603
3.1225	-0.117188			-0.121066674
3.1275	-0.117177			-0.121057599
3.1325	-0.117167			-0.12104838
3.1375	-0.117156			-0.121039018
3.1425	-0.117145			-0.121029514
3.1475	-0.117134			-0.121019869
3.1525	-0.117123			-0.121010085
3.1575	-0.117112			-0.121000162
3.1625	-0.1171			-0.120990102
3.1675	-0.117089			-0.120979905
3.1725	-0.117077			-0.120969573
3.1775	-0.117065			-0.120959106
3.1825	-0.117053			-0.120948507
3.1875	-0.117041			-0.120937775
3.1925	-0.117029			-0.120926913
3.1975	-0.117017			-0.12091592
3.2025	-0.117004			-0.120904798
3.2075	-0.116992			-0.120893548
3.2125	-0.116979			-0.120882171
3.2175	-0.116966			-0.120870668
3.2225	-0.116953			-0.12085904
3.2275	-0.11694			-0.120847287
3.2325	-0.116927			-0.120835411
3.2375	-0.116914			-0.120823413
3.2425	-0.1169			-0.120811294
3.2475	-0.116887			-0.120799054
3.2525	-0.116873			-0.120786694
3.2575	-0.116859			-0.120774216
3.2625	-0.116845			-0.12076162
3.2675	-0.116831			-0.120748907
3.2725	-0.116817			-0.120736078
3.2775	-0.116803			-0.120723133
3.2825	-0.116789			-0.120710075
3.2875	-0.116774			-0.120696903
3.2925	-0.11676			-0.120683618
3.2975	-0.116745			-0.120670221
3.3025	-0.11673			-0.120656714
3.3075	-0.116715			-0.120643096
3.3125	-0.1167			-0.120629368
3.3175	-0.116685			-0.120615532
3.3225	-0.11667			-0.120601588
3.3275	-0.116654			-0.120587537
3.3325	-0.116639			-0.12057338
3.3375	-0.116623			-0.120559117
3.3425	-0.116608			-0.120544749
3.3475	-0.116592			-0.120530278
3.3525	-0.116576			-0.120515703
3.3575	-0.11656			-0.120501025
3.3625	-0.116544			-0.120486245
3.3675	-0.116528			-0.120471365
3.3725	-0.116512			-0.120456383
3.3775	-0.116495			-0.120441302
3.3825	-0.116479			-0.120426122
3.3875	-0.116462			-0.120410844
3.3925	-0.116446			-0.120395468
3.3975	-0.116429			-0.120379995
3.4025	-0.116412			-0.120364425
3.4075	-0.116395			-0.12034876
3.4125	-0.116378			-0.120333
3.4175	-0.116361			-0.120317145
3.4225	-0.116344			-0.120301197
3.4275	-0.116327			-0.120285155
3.4325	-0.116309			-0.120269021
3.4375	-0.116292			-0.120252795
3.4425	-0.116274			-0.120236478
3.4475	-0.116257			-0.120220071
3.4525	-0.116239			-0.120203573
3.4575	-0.116221			-0.120186986
3.4625	-0.116203			-0.12017031
3.4675	-0.116185			-0.120153546
3.4725	-0.116167			-0.120136694
3.4775	-0.116149			-0.120119755
3.4825	-0.116131			-0.120102729
3.4875	-0.116112			-0.120085618
3.4925	-0.116094			-0.120068421
3.4975	-0.116075			-0.12005114
3.5025	-0.116057			-0.120033774
3.5075	-0.116038			-0.120016325
3.5125	-0.116019			-0.119998792
3.5175	-0.116001			-0.119981177
3.5225	-0.115982			-0.11996348
3.5275	-0.115963			-0.119945701
3.5325	-0.115944			-0.119927841
3.5375	-0.115924			-0.119909901
3.5425	-0.115905			-0.11989188
3.5475	-0.115886			-0.11987378
3.5525	-0.115867			-0.119855601
3.5575	-0.115847			-0.119837344
3.5625	-0.115828			-0.119819009
3.5675	-0.115808			-0.119800596
3.5725	-0.115788			-0.119782106
3.5775	-0.115769			-0.11976354
3.5825	-0.115749			-0.119744898
3.5875	-0.115729			-0.11972618
3.5925	-0.115709			-0.119707387
3.5975	-0.115689			-0.119688519
3.6025	-0.115669			-0.119669578
3.6075	-0.115649			-0.119650562
3.6125	-0.115628			-0.119631473
3.6175	-0.115608			-0.119612312
3.6225	-0.115588			-0.119593078
3.6275	-0.115567			-0.119573773
3.6325	-0.115547			-0.119554396
3.6375	-0.115526			-0.119534947
3.6425	-0.115505			-0.119515429
3.6475	-0.115485			-0.11949584
3.6525	-0.115464			-0.119476181
3.6575	-0.115443			-0.119456453
3.6625	-0.115422			-0.119436657
3.6675	-0.115401			-0.119416791
3.6725	-0.11538			-0.119396858
3.6775	-0.115359			-0.119376857
3.6825	-0.115338			-0.119356789
3.6875	-0.115317			-0.119336654
3.6925	-0.115295			-0.119316453
3.6975	-0.115274			-0.119296185
3.7025	-0.115252			-0.119275852
3.7075	-0.115231			-0.119255454
3.7125	-0.115209			-0.119234991
3.7175	-0.115188			-0.119214463
3.7225	-0.115166			-0.119193871
3.7275	-0.115144			-0.119173216
3.7325	-0.115122			-0.119152497
3.7375	-0.115101			-0.119131715
3.7425	-0.115079			-0.11911087
3.7475	-0.115057			-0.119089964
3.7525	-0.115035			-0.119068995
3.7575	-0.115012			-0.119047965
3.7625	-0.11499			-0.119026874
3.7675	-0.114968			-0.119005722
3.7725	-0.114946			-0.118984509
3.7775	-0.114923			-0.118963236
3.7825	-0.114901			-0.118941904
3.7875	-0.114879			-0.118920512
3.7925	-0.114856			-0.118899061
3.7975	-0.114834			-0.118877552
3.8025	-0.114811			-0.118855983
3.8075	-0.114788			-0.118834357
3.8125	-0.114766			-0.118812673
3.8175	-0.114743			-0.118790932
3.8225	-0.11472			-0.118769134
3.8275	-0.114697			-0.118747279
3.8325	-0.114674			-0.118725367
3.8375	-0.114651			-0.118703399
3.8425	-0.114628			-0.118681376
3.8475	-0.114605			-0.118659297
3.8525	-0.114582			-0.118637163
3.8575	-0.114559			-0.118614974
3.8625	-0.114535			-0.11859273
3.8675	-0.114512			-0.118570432
3.8725	-0.114489			-0.11854808
3.8775	-0.114465			-0.118525675
3.8825	-0.114442			-0.118503216
3.8875	-0.114418			-0.118480704
3.8925	-0.114395			-0.118458139
3.8975	-0.114371			-0.118435522
3.9025	-0.114347			-0.118412853
3.9075	-0.114324			-0.118390132
3.9125	-0.1143			-0.118367359
3.9175	-0.114276			-0.118344534
3.9225	-0.114252			-0.118321659
3.9275	-0.114228			-0.118298733
3.9325	-0.114204			-0.118275757
3.9375	-0.11418			-0.11825273
3.9425	-0.114156			-0.118229653
3.9475	-0.114132			-0.118206527
3.9525	-0.114108			-0.118183351
3.9575	-0.114084			-0.118160127
3.9625	-0.11406			-0.118136853
3.9675	-0.114035			-0.118113531
3.9725	-0.114011			-0.11809016
3.9775	-0.113987			-0.118066741
3.9825	-0.113962			-0.118043275
3.9875	-0.113938			-0.118019761
3.9925	-0.113913			-0.117996199
3.9975	-0.113889			-0.117972591
4.0025	-0.113864			-0.117948936
4.0075	-0.11384			-0.117925234
4.0125	-0.113815			-0.117901486
4.0175	-0.11379			-0.117877692
4.0225	-0.113765			-0.117853852
4.0275	-0.113741			-0.117829966
4.0325	-0.113716			-0.117806035
4.0375	-0.113691			-0.117782059
4.0425	-0.113666			-0.117758039
4.0475	-0.113641			-0.117733973
4.0525	-0.113616			-0.117709864
4.0575	-0.113591			-0.11768571
4.0625	-0.113566			-0.117661512
4.0675	-0.113541			-0.117637271
4.0725	-0.113515			-0.117612986
4.0775	-0.11349			-0.117588658
4.0825	-0.113465			-0.117564287
4.0875	-0.11344			-0.117539873
4.0925	-0.113414			-0.117515417
4.0975	-0.113389			-0.117490918
4.1025	-0.113364			-0.117466377
4.1075	-0.113338			-0.117441795
4.1125	-0.113313			-0.117417171
4.1175	-0.113287			-0.117392505
4.1225	-0.113261			-0.117367798
4.1275	-0.113236			-0.11734305
4.1325	-0.11321			-0.117318261
4.1375	-0.113185			-0.117293432
4.1425	-0.113159			-0.117268563
4.1475	-0.113133			-0.117243653
4.1525	-0.113107			-0.117218703
4.1575	-0.113081			-0.117193714
4.1625	-0.113056			-0.117168685
4.1675	-0.11303			-0.117143616
4.1725	-0.113004			-0.117118509
4.1775	-0.112978			-0.117093362
4.1825	-0.112952			-0.117068177
4.1875	-0.112926			-0.117042954
4.1925	-0.1129			-0.117017692
4.1975	-0.112873			-0.116992391
4.2025	-0.112847			-0.116967053
4.2075	-0.112821			-0.116941678
4.2125	-0.112795			-0.116916264
4.2175	-0.112769			-0.116890813
4.2225	-0.112742			-0.116865325
4.2275	-0.112716			-0.116839801
4.2325	-0.11269			-0.116814239
4.2375	-0.112663			-0.116788641
4.2425	-0.112637			-0.116763006
4.2475	-0.11261			-0.116737335
4.2525	-0.112584			-0.116711628
4.2575	-0.112557			-0.116685885
4.2625	-0.112531			-0.116660106
4.2675	-0.112504			-0.116634292
4.2725	-0.112478			-0.116608443
4.2775	-0.112451			-0.116582558
4.2825	-0.112424			-0.116556639
4.2875	-0.112398			-0.116530685
4.2925	-0.112371			-0.116504696
4.2975	-0.112344			-0.116478672
4.3025	-0.112317			-0.116452615
4.3075	-0.11229			-0.116426523
4.3125	-0.112263			-0.116400398
4.3175	-0.112237			-0.116374238
4.3225	-0.11221			-0.116348045
4.3275	-0.112183			-0.116321819
4.3325	-0.112156			-0.116295559
4.3375	-0.112129			-0.116269267
4.3425	-0.112102			-0.116242941
4.3475	-0.112074			-0.116216583
4.3525	-0.112047			-0.116190192
4.3575	-0.11202			-0.116163769
4.3625	-0.111993			-0.116137313
4.3675	-0.111966			-0.116110825
4.3725	-0.111939			-0.116084306
4.3775	-0.111911			-0.116057755
4.3825	-0.111884			-0.116031172
4.3875	-0.111857			-0.116004557
4.3925	-0.111829			-0.115977911
4.3975	-0.111802			-0.115951235
4.4025	-0.111775			-0.115924527
4.4075	-0.111747			-0.115897788
4.4125	-0.11172			-0.115871019
4.4175	-0.111692			-0.115844219
4.4225	-0.111665			-0.115817389
4.4275	-0.111637			-0.115790528
4.4325	-0.11161			-0.115763638
4.4375	-0.111582			-0.115736718
4.4425	-0.111554			-0.115709767
4.4475	-0.111527			-0.115682788
4.4525	-0.111499			-0.115655778
4.4575	-0.111471			-0.11562874
4.4625	-0.111444			-0.115601672
4.4675	-0.111416			-0.115574575
4.4725	-0.111388			-0.11554745
4.4775	-0.11136			-0.115520295
4.4825	-0.111332			-0.115493112
4.4875	-0.111305			-0.115465901
4.4925	-0.111277			-0.115438661
4.4975	-0.111249			-0.115411393
4.5025	-0.111221			-0.115384097
4.5075	-0.111193			-0.115356773
4.5125	-0.111165			-0.115329422
4.5175	-0.111137			-0.115302042
4.5225	-0.111109			-0.115274636
4.5275	-0.111081			-0.115247202
4.5325	-0.111053			-0.11521974
4.5375	-0.111025			-0.115192252
4.5425	-0.110996			-0.115164737
4.5475	-0.110968			-0.115137195
4.5525	-0.11094			-0.115109626
4.5575	-0.110912			-0.115082031
4.5625	-0.110884			-0.115054409
4.5675	-0.110855			-0.115026761
4.5725	-0.110827			-0.114999087
4.5775	-0.110799			-0.114971387
4.5825	-0.110771			-0.114943661
4.5875	-0.110742			-0.114915909
4.5925	-0.110714			-0.114888132
4.5975	-0.110685			-0.114860329
4.6025	-0.110657			-0.1148325
4.6075	-0.110629			-0.114804647
4.6125	-0.1106			-0.114776768
4.6175	-0.110572			-0.114748865
4.6225	-0.110543			-0.114720936
4.6275	-0.110515			-0.114692983
4.6325	-0.110486			-0.114665005
4.6375	-0.110458			-0.114637003
4.6425	-0.110429			-0.114608976
4.6475	-0.1104			-0.114580925
4.6525	-0.110372			-0.11455285
4.6575	-0.110343			-0.114524751
4.6625	-0.110314			-0.114496628
4.6675	-0.110286			-0.114468481
4.6725	-0.110257			-0.114440311
4.6775	-0.110228			-0.114412117
4.6825	-0.1102			-0.114383899
4.6875	-0.110171			-0.114355659
4.6925	-0.110142			-0.114327395
4.6975	-0.110113			-0.114299108
4.7025	-0.110084			-0.114270798
4.7075	-0.110056			-0.114242465
4.7125	-0.110027			-0.11421411
4.7175	-0.109998			-0.114185732
4.7225	-0.109969			-0.114157331
4.7275	-0.10994			-0.114128908
4.7325	-0.109911			-0.114100463
4.7375	-0.109882			-0.114071996
4.7425	-0.109853			-0.114043506
4.7475	-0.109824			-0.114014995
4.7525	-0.109795			-0.113986462
4.7575	-0.109766			-0.113957907
4.7625	-0.109737			-0.11392933
4.7675	-0.109708			-0.113900732
4.7725	-0.109679			-0.113872113
4.7775	-0.10965			-0.113843472
4.7825	-0.10962			-0.11381481
4.7875	-0.109591			-0.113786127
4.7925	-0.109562			-0.113757423
4.7975	-0.109533			-0.113728698
4.8025	-0.109504			-0.113699953
4.8075	-0.109475			-0.113671186
4.8125	-0.109445			-0.1136424
4.8175	-0.109416			-0.113613593
4.8225	-0.109387			-0.113584765
4.8275	-0.109357			-0.113555917
4.8325	-0.109328			-0.113527049
4.8375	-0.109299			-0.113498161
4.8425	-0.109269			-0.113469254
4.8475	-0.10924			-0.113440326
4.8525	-0.109211			-0.113411379
4.8575	-0.109181			-0.113382412
4.8625	-0.109152			-0.113353425
4.8675	-0.109122			-0.113324419
4.8725	-0.109093			-0.113295394
4.8775	-0.109063			-0.113266349
4.8825	-0.109034			-0.113237286
4.8875	-0.109005			-0.113208203
4.8925	-0.108975			-0.113179102
4.8975	-0.108945			-0.113149981
4.9025	-0.108916			-0.113120842
4.9075	-0.108886			-0.113091684
4.9125	-0.108857			-0.113062508
4.9175	-0.108827			-0.113033313
4.9225	-0.108798			-0.1130041
4.9275	-0.108768			-0.112974868
4.9325	-0.108738			-0.112945619
4.9375	-0.108709			-0.112916351
4.9425	-0.108679			-0.112887066
4.9475	-0.108649			-0.112857762
4.9525	-0.10862			-0.112828441
4.9575	-0.10859			-0.112799102
4.9625	-0.10856			-0.112769745
4.9675	-0.10853			-0.112740371
4.9725	-0.108501			-0.112710979
4.9775	-0.108471			-0.11268157
4.9825	-0.108441			-0.112652144
4.9875	-0.108411			-0.112622701
4.9925	-0.108381			-0.112593241
4.9975	-0.108352			-0.112563763
5.0025	-0.108322			-0.112534269
5.0075	-0.108292			-0.112504758
5.0125	-0.108262			-0.11247523
5.0175	-0.108232			-0.112445686
5.0225	-0.108202			-0.112416125
5.0275	-0.108172			-0.112386548
5.0325	-0.108142			-0.112356954
5.0375	-0.108112			-0.112327344
5.0425	-0.108082			-0.112297718
5.0475	-0.108052			-0.112268075
5.0525	-0.108022			-0.112238417
5.0575	-0.107992			-0.112208743
5.0625	-0.107962			-0.112179053
5.0675	-0.107932			-0.112149347
5.0725	-0.107902			-0.112119625
5.0775	-0.107872			-0.112089888
5.0825	-0.107842			-0.112060135
5.0875	-0.107812			-0.112030367
5.0925	-0.107782			-0.112000584
5.0975	-0.107752			-0.111970785
5.1025	-0.107722			-0.111940971
5.1075	-0.107692			-0.111911142
5.1125	-0.107662			-0.111881298
5.1175	-0.107632			-0.111851439
5.1225	-0.107601			-0.111821566
5.1275	-0.107571			-0.111791677
5.1325	-0.107541			-0.111761774
5.1375	-0.107511			-0.111731856
5.1425	-0.107481			-0.111701923
5.1475	-0.10745			-0.111671976
5.1525	-0.10742			-0.111642015
5.1575	-0.10739			-0.111612039
5.1625	-0.10736			-0.11158205
5.1675	-0.107329			-0.111552046
5.1725	-0.107299			-0.111522028
5.1775	-0.107269			-0.111491995
5.1825	-0.107238			-0.11146195
5.1875	-0.107208			-0.11143189
5.1925	-0.107178			-0.111401816
5.1975	-0.107147			-0.111371729
5.2025	-0.107117			-0.111341628
5.2075	-0.107087			-0.111311514
5.2125	-0.107056			-0.111281386
5.2175	-0.107026			-0.111251245
5.2225	-0.106996			-0.11122109
5.2275	-0.106965			-0.111190922
5.2325	-0.106935			-0.111160741
5.2375	-0.106904			-0.111130547
5.2425	-0.106874			-0.11110034
5.2475	-0.106844			-0.11107012
5.2525	-0.106813			-0.111039887
5.2575	-0.106783			-0.111009642
5.2625	-0.106752			-0.110979383
5.2675	-0.106722			-0.110949112
5.2725	-0.106691			-0.110918829
5.2775	-0.106661			-0.110888532
5.2825	-0.10663			-0.110858224
5.2875	-0.1066			-0.110827903
5.2925	-0.106569			-0.11079757
5.2975	-0.106539			-0.110767224
5.3025	-0.106508			-0.110736867
5.3075	-0.106477			-0.110706497
5.3125	-0.106447			-0.110676115
5.3175	-0.106416			-0.110645722
5.3225	-0.106386			-0.110615316
5.3275	-0.106355			-0.110584899
5.3325	-0.106324			-0.11055447
5.3375	-0.106294			-0.110524029
5.3425	-0.106263			-0.110493576
5.3475	-0.106233			-0.110463113
5.3525	-0.106202			-0.110432637
5.3575	-0.106171			-0.11040215
5.3625	-0.106141			-0.110371652
5.3675	-0.10611			-0.110341143
5.3725	-0.106079			-0.110310623
5.3775	-0.106049			-0.110280091
5.3825	-0.106018			-0.110249548
5.3875	-0.105987			-0.110218994
5.3925	-0.105956			-0.11018843
5.3975	-0.105926			-0.110157854
5.4025	-0.105895			-0.110127268
5.4075	-0.105864			-0.110096671
5.4125	-0.105833			-0.110066063
5.4175	-0.105803			-0.110035445
5.4225	-0.105772			-0.110004816
5.4275	-0.105741			-0.109974176
5.4325	-0.10571			-0.109943526
5.4375	-0.10568			-0.109912866
5.4425	-0.105649			-0.109882196
5.4475	-0.105618			-0.109851515
5.4525	-0.105587			-0.109820824
5.4575	-0.105556			-0.109790123
5.4625	-0.105526			-0.109759412
5.4675	-0.105495			-0.109728691
5.4725	-0.105464			-0.10969796
5.4775	-0.105433			-0.10966722
5.4825	-0.105402			-0.109636469
5.4875	-0.105371			-0.109605709
5.4925	-0.10534			-0.109574939
5.4975	-0.10531			-0.109544159
5.5025	-0.105279			-0.10951337
5.5075	-0.105248			-0.109482572
5.5125	-0.105217			-0.109451764
5.5175	-0.105186			-0.109420947
5.5225	-0.105155			-0.10939012
5.5275	-0.105124			-0.109359284
5.5325	-0.105093			-0.109328439
5.5375	-0.105062			-0.109297585
5.5425	-0.105031			-0.109266721
5.5475	-0.105			-0.109235849
5.5525	-0.104969			-0.109204968
5.5575	-0.104938			-0.109174078
5.5625	-0.104907			-0.109143179
5.5675	-0.104877			-0.109112271
5.5725	-0.104846			-0.109081354
5.5775	-0.104815			-0.109050429
5.5825	-0.104784			-0.109019495
5.5875	-0.104753			-0.108988553
5.5925	-0.104722			-0.108957602
5.5975	-0.104691			-0.108926643
5.6025	-0.10466			-0.108895676
5.6075	-0.104628			-0.1088647
5.6125	-0.104597			-0.108833715
5.6175	-0.104566			-0.108802723
5.6225	-0.104535			-0.108771722
5.6275	-0.104504			-0.108740714
5.6325	-0.104473			-0.108709697
5.6375	-0.104442			-0.108678672
5.6425	-0.104411			-0.10864764
5.6475	-0.10438			-0.108616599
5.6525	-0.104349			-0.108585551
5.6575	-0.104318			-0.108554495
5.6625	-0.104287			-0.108523431
5.6675	-0.104256			-0.10849236
5.6725	-0.104225			-0.108461281
5.6775	-0.104194			-0.108430194
5.6825	-0.104162			-0.1083991
5.6875	-0.104131			-0.108367998
5.6925	-0.1041			-0.108336889
5.6975	-0.104069			-0.108305773
5.7025	-0.104038			-0.10827465
5.7075	-0.104007			-0.108243519
5.7125	-0.103976			-0.108212381
5.7175	-0.103945			-0.108181236
5.7225	-0.103913			-0.108150083
5.7275	-0.103882			-0.108118924
5.7325	-0.103851			-0.108087758
5.7375	-0.10382			-0.108056585
5.7425	-0.103789			-0.108025405
5.7475	-0.103758			-0.107994218
5.7525	-0.103726			-0.107963025
5.7575	-0.103695			-0.107931824
5.7625	-0.103664			-0.107900617
5.7675	-0.103633			-0.107869404
5.7725	-0.103602			-0.107838184
5.7775	-0.103571			-0.107806957
5.7825	-0.103539			-0.107775724
5.7875	-0.103508			-0.107744484
5.7925	-0.103477			-0.107713238
5.7975	-0.103446			-0.107681986
5.8025	-0.103414			-0.107650728
5.8075	-0.103383			-0.107619463
5.8125	-0.103352			-0.107588192
5.8175	-0.103321			-0.107556915
5.8225	-0.10329			-0.107525632
5.8275	-0.103258			-0.107494343
5.8325	-0.103227			-0.107463048
5.8375	-0.103196			-0.107431747
5.8425	-0.103165			-0.10740044
5.8475	-0.103133			-0.107369127
5.8525	-0.103102			-0.107337809
5.8575	-0.103071			-0.107306485
5.8625	-0.10304			-0.107275155
5.8675	-0.103008			-0.107243819
5.8725	-0.102977			-0.107212478
5.8775	-0.102946			-0.107181131
5.8825	-0.102915			-0.107149779
5.8875	-0.102883			-0.107118421
5.8925	-0.102852			-0.107087058
5.8975	-0.102821			-0.10705569
5.9025	-0.102789			-0.107024316
5.9075	-0.102758			-0.106992937
5.9125	-0.102727			-0.106961553
5.9175	-0.102695			-0.106930163
5.9225	-0.102664			-0.106898769
5.9275	-0.102633			-0.106867369
5.9325	-0.102602			-0.106835965
5.9375	-0.10257			-0.106804555
5.9425	-0.102539			-0.10677314
5.9475	-0.102508			-0.106741721
5.9525	-0.102476			-0.106710296
5.9575	-0.102445			-0.106678867
5.9625	-0.102414			-0.106647433
5.9675	-0.102382			-0.106615994
5.9725	-0.102351			-0.106584551
5.9775	-0.10232			-0.106553103
5.9825	-0.102288			-0.10652165
5.9875	-0.102257			-0.106490193
5.9925	-0.102226			-0.106458731
5.9975	-0.102194			-0.106427265
