-0.0025	0.034424		two fibers_not connected to ground	0.034423953
0.0025	0.034424		dist = 0.1	0.034423953
0.0075	0.0344291		node15_ik	0.034430622
0.0125	0.0344327			0.034434809
0.0175	0.0344354			0.03443768
0.0225	0.0344376			0.034439821
0.0275	0.0344394			0.03444154
0.0325	0.034441			0.034443
0.0375	0.0344423			0.03444429
0.0425	0.0344436			0.034445461
0.0475	0.0344447			0.03444654
0.0525	0.0344457			0.034447548
0.0575	0.0344467			0.034448494
0.0625	0.0344476			0.034449388
0.0675	0.0344484			0.034450235
0.0725	0.0344492			0.03445104
0.0775	0.03445			0.034451806
0.0825	0.0344507			0.034452537
0.0875	0.0344514			0.034453236
0.0925	0.0344521			0.034453905
0.0975	0.0344527			0.034454547
0.1025	0.0344533			0.034455163
0.1075	0.0344539			0.034455755
0.1125	0.0344545			0.034456324
0.1175	0.034455			0.034456874
0.1225	0.0344555			0.034457403
0.1275	0.034456			0.034457915
0.1325	0.0344565			0.03445841
0.1375	0.034457			0.034458889
0.1425	0.0344574			0.034459353
0.1475	0.0344579			0.034459803
0.1525	0.0344583			0.03446024
0.1575	0.0344587			0.034460665
0.1625	0.0344591			0.034461077
0.1675	0.0344595			0.034461479
0.1725	0.0344599			0.034461871
0.1775	0.0344602			0.034462252
0.1825	0.0344606			0.034462624
0.1875	0.0344609			0.034462988
0.1925	0.0344613			0.034463343
0.1975	0.0344616			0.03446369
0.2025	0.0344619			0.034464029
0.2075	0.0344622			0.034464362
0.2125	0.0344626			0.034464687
0.2175	0.0344629			0.034465006
0.2225	0.0344632			0.034465319
0.2275	0.0344634			0.034465626
0.2325	0.0344637			0.034465927
0.2375	0.034464			0.034466223
0.2425	0.0344643			0.034466513
0.2475	0.0344646			0.034466799
0.2525	0.0344648			0.03446708
0.2575	0.0344651			0.034467357
0.2625	0.0344653			0.034467629
0.2675	0.0344656			0.034467897
0.2725	0.0344658			0.034468161
0.2775	0.0344661			0.034468421
0.2825	0.0344663			0.034468677
0.2875	0.0344666			0.03446893
0.2925	0.0344668			0.034469179
0.2975	0.034467			0.034469425
0.3025	0.0344673			0.034469668
0.3075	0.0344675			0.034469908
0.3125	0.0344677			0.034470145
0.3175	0.0344679			0.034470379
0.3225	0.0344681			0.034470611
0.3275	0.0344684			0.03447084
0.3325	0.0344686			0.034471066
0.3375	0.0344688			0.034471289
0.3425	0.034469			0.034471511
0.3475	0.0344692			0.03447173
0.3525	0.0344694			0.034471946
0.3575	0.0344696			0.034472161
0.3625	0.0344698			0.034472373
0.3675	0.03447			0.034472583
0.3725	0.0344702			0.034472792
0.3775	0.0344704			0.034472998
0.3825	0.0344706			0.034473203
0.3875	0.0344707			0.034473405
0.3925	0.0344709			0.034473606
0.3975	0.0344711			0.034473806
0.4025	0.0344713			0.034474003
0.4075	0.0344715			0.034474199
0.4125	0.0344717			0.034474393
0.4175	0.0344718			0.034474586
0.4225	0.034472			0.034474777
0.4275	0.0344722			0.034474967
0.4325	0.0344724			0.034475155
0.4375	0.0344725			0.034475342
0.4425	0.0344727			0.034475528
0.4475	0.0344729			0.034475712
0.4525	0.0344731			0.034475895
0.4575	0.0344732			0.034476076
0.4625	0.0344734			0.034476257
0.4675	0.0344735			0.034476436
0.4725	0.0344737			0.034476614
0.4775	0.0344739			0.034476791
0.4825	0.034474			0.034476966
0.4875	0.0344742			0.034477141
0.4925	0.0344744			0.034477314
0.4975	0.0344745			0.034477487
0.5025	0.0344747			0.034477658
0.5075	0.0344748			0.034477828
0.5125	0.034475			0.034477998
0.5175	0.0344751			0.034478166
0.5225	0.0344753			0.034478333
0.5275	0.0344754			0.0344785
0.5325	0.0344756			0.034478665
0.5375	0.0344758			0.03447883
0.5425	0.0344759			0.034478993
0.5475	0.0344761			0.034479156
0.5525	0.0344762			0.034479318
0.5575	0.0344764			0.034479479
0.5625	0.0344765			0.034479639
0.5675	0.0344766			0.034479799
0.5725	0.0344768			0.034479957
0.5775	0.0344769			0.034480115
0.5825	0.0344771			0.034480272
0.5875	0.0344772			0.034480428
0.5925	0.0344774			0.034480584
0.5975	0.0344775			0.034480739
0.6025	0.0344776			0.034480893
0.6075	0.0344778			0.034481046
0.6125	0.0344779			0.034481198
0.6175	0.0344781			0.03448135
0.6225	0.0344782			0.034481502
0.6275	0.0344783			0.034481652
0.6325	0.0344785			0.034481802
0.6375	0.0344786			0.034481951
0.6425	0.0344788			0.0344821
0.6475	0.0344789			0.034482248
0.6525	0.034479			0.034482395
0.6575	0.0344792			0.034482542
0.6625	0.0344793			0.034482688
0.6675	0.0344794			0.034482833
0.6725	0.0344796			0.034482978
0.6775	0.0344797			0.034483122
0.6825	0.0344798			0.034483266
0.6875	0.0344799			0.034483409
0.6925	0.0344801			0.034483552
0.6975	0.0344802			0.034483694
0.7025	0.0344803			0.034483835
0.7075	0.0344805			0.034483976
0.7125	0.0344806			0.034484117
0.7175	0.0344807			0.034484257
0.7225	0.0344808			0.034484396
0.7275	0.034481			0.034484535
0.7325	0.0344811			0.034484673
0.7375	0.0344812			0.034484811
0.7425	0.0344813			0.034484949
0.7475	0.0344815			0.034485085
0.7525	0.0344816			0.034485222
0.7575	0.0344817			0.034485358
0.7625	0.0344818			0.034485493
0.7675	0.034482			0.034485628
0.7725	0.0344821			0.034485763
0.7775	0.0344822			0.034485897
0.7825	0.0344823			0.03448603
0.7875	0.0344825			0.034486164
0.7925	0.0344826			0.034486296
0.7975	0.0344827			0.034486429
0.8025	0.0344828			0.034486561
0.8075	0.0344829			0.034486692
0.8125	0.0344831			0.034486823
0.8175	0.0344832			0.034486954
0.8225	0.0344833			0.034487084
0.8275	0.0344834			0.034487214
0.8325	0.0344835			0.034487343
0.8375	0.0344836			0.034487472
0.8425	0.0344838			0.034487601
0.8475	0.0344839			0.034487729
0.8525	0.034484			0.034487857
0.8575	0.0344841			0.034487984
0.8625	0.0344842			0.034488111
0.8675	0.0344843			0.034488238
0.8725	0.0344844			0.034488365
0.8775	0.0344846			0.034488491
0.8825	0.0344847			0.034488616
0.8875	0.0344848			0.034488741
0.8925	0.0344849			0.034488866
0.8975	0.034485			0.034488991
0.9025	0.0344851			0.034489115
0.9075	0.0344852			0.034489239
0.9125	0.0344854			0.034489363
0.9175	0.0344855			0.034489486
0.9225	0.0344856			0.034489609
0.9275	0.0344857			0.034489731
0.9325	0.0344858			0.034489853
0.9375	0.0344859			0.034489975
0.9425	0.034486			0.034490097
0.9475	0.0344861			0.034490218
0.9525	0.0344862			0.034490339
0.9575	0.0344863			0.03449046
0.9625	0.0344865			0.03449058
0.9675	0.0344866			0.0344907
0.9725	0.0344867			0.03449082
0.9775	0.0344868			0.034490939
0.9825	0.0344869			0.034491058
0.9875	0.034487			0.034491177
0.9925	0.0344871			0.034491296
0.9975	0.0344872			0.034491414
1.0025	0.0344873			0.034491532
1.0075	0.0344874			0.034491652
1.0125	0.0344875			0.034491781
1.0175	0.0344876			0.034491932
1.0225	0.0344877			0.034492121
1.0275	0.0344879			0.034492364
1.0325	0.034488			0.034492675
1.0375	0.0344882			0.03449307
1.0425	0.0344884			0.034493565
1.0475	0.0344886			0.034494179
1.0525	0.0344889			0.034494935
1.0575	0.0344892			0.034495861
1.0625	0.0344896			0.034496988
1.0675	0.0344902			0.034498357
1.0725	0.0344908			0.034500017
1.0775	0.0344915			0.034502027
1.0825	0.0344925			0.034504455
1.0875	0.0344936			0.034507388
1.0925	0.0344949			0.034510933
1.0975	0.0344965			0.034515215
1.1025	0.0344984			0.034520379
1.1075	0.0345007			0.034526611
1.1125	0.0345034			0.03453414
1.1175	0.0345067			0.034543238
1.1225	0.0345105			0.034554211
1.1275	0.0345152			0.034567452
1.1325	0.0345208			0.034583464
1.1375	0.0345274			0.034602831
1.1425	0.0345353			0.0346262
1.1475	0.0345448			0.034654389
1.1525	0.0345561			0.034688508
1.1575	0.0345697			0.034729835
1.1625	0.0345858			0.034779712
1.1675	0.0346052			0.034839828
1.1725	0.0346283			0.034912624
1.1775	0.0346559			0.035000966
1.1825	0.034689			0.035107606
1.1875	0.0347285			0.035235933
1.1925	0.0347758			0.035391325
1.1975	0.0348324			0.035580384
1.2025	0.0349001			0.035808722
1.2075	0.034981			0.036082784
1.2125	0.0350777			0.036414381
1.2175	0.0351934			0.036819261
1.2225	0.0353323			0.037308926
1.2275	0.0354983			0.037894392
1.2325	0.0356963			0.038601277
1.2375	0.035933			0.039468546
1.2425	0.0362172			0.040520732
1.2475	0.0365583			0.041771995
1.2525	0.036965			0.043276382
1.2575	0.0374491			0.045133662
1.2625	0.0380294			0.047401592
1.2675	0.0387293			0.05007952
1.2725	0.0395673			0.053275236
1.2775	0.0405607			0.057252771
1.2825	0.0417433			0.062171632
1.2875	0.0431728			0.067939045
1.2925	0.044902			0.074751657
1.2975	0.0469542			0.083360671
1.3025	0.0493696			0.094354986
1.3075	0.0522691			0.10747112
1.3125	0.0558236			0.123293246
1.3175	0.0601055			0.144555992
1.3225	0.0651019			0.173472233
1.3275	0.0709882			0.208009593
1.3325	0.0782525			0.246928887
1.3375	0.0873529			0.296149889
1.3425	0.0982376			0.360655119
1.3475	0.111016			0.428561177
1.3525	0.127122			0.478053714
1.3575	0.148944			0.509284509
1.3625	0.177157			0.534100098
1.3675	0.209534			0.558101681
1.3725	0.24625			0.579569289
1.3775	0.292476			0.596955838
1.3825	0.352369			0.611771156
1.3875	0.417457			0.625648421
1.3925	0.468585			0.638775206
1.3975	0.50154			0.650660087
1.4025	0.525617			0.661343695
1.4075	0.548204			0.671196763
1.4125	0.570741			0.680414872
1.4175	0.590827			0.688928224
1.4225	0.607361			0.696682905
1.4275	0.621424			0.703737637
1.4325	0.634392			0.710168131
1.4375	0.646778			0.715988993
1.4425	0.658281			0.721186791
1.4475	0.668636			0.72576985
1.4525	0.677946			0.729765206
1.4575	0.686469			0.733194052
1.4625	0.694356			0.736066059
1.4675	0.701588			0.738392116
1.4725	0.708115			0.740190215
1.4775	0.713942			0.741481186
1.4825	0.719125			0.74228402
1.4875	0.723709			0.742617157
1.4925	0.727712			0.74250108
1.4975	0.731133			0.741958391
1.5025	0.733984			0.741012233
1.5075	0.736286			0.739685693
1.5125	0.738064			0.738002271
1.5175	0.73934			0.735986156
1.5225	0.74013			0.733661831
1.5275	0.740454			0.7310536
1.5325	0.740331			0.728185456
1.5375	0.739787			0.725081086
1.5425	0.738845			0.721763749
1.5475	0.737526			0.718256045
1.5525	0.735856			0.71457975
1.5575	0.733856			0.710755737
1.5625	0.731551			0.706803913
1.5675	0.728964			0.702743136
1.5725	0.72612			0.698591136
1.5775	0.723041			0.694364471
1.5825	0.719748			0.690078523
1.5875	0.716265			0.685747486
1.5925	0.712613			0.681384372
1.5975	0.70881			0.677001023
1.6025	0.704877			0.67260814
1.6075	0.700832			0.668215326
1.6125	0.696691			0.663831119
1.6175	0.692471			0.659463039
1.6225	0.688187			0.655117634
1.6275	0.683852			0.65080053
1.6325	0.679479			0.64651648
1.6375	0.67508			0.642269408
1.6425	0.670664			0.638062464
1.6475	0.666242			0.633898067
1.6525	0.661822			0.629777957
1.6575	0.65741			0.625703243
1.6625	0.653014			0.621674455
1.6675	0.648639			0.617691599
1.6725	0.644289			0.613754209
1.6775	0.639969			0.609861412
1.6825	0.635681			0.606011983
1.6875	0.631428			0.602204411
1.6925	0.627212			0.598436965
1.6975	0.623033			0.594707758
1.7025	0.618892			0.591014812
1.7075	0.614789			0.58735612
1.7125	0.610724			0.583729706
1.7175	0.606695			0.580133675
1.7225	0.602702			0.576566262
1.7275	0.598742			0.573025871
1.7325	0.594814			0.569511102
1.7375	0.590917			0.566020779
1.7425	0.587048			0.562553956
1.7475	0.583206			0.559109926
1.7525	0.579388			0.555688217
1.7575	0.575594			0.55228858
1.7625	0.571821			0.548910979
1.7675	0.568068			0.545555564
1.7725	0.564335			0.542222657
1.7775	0.560621			0.538912721
1.7825	0.556925			0.535626338
1.7875	0.553247			0.532364184
1.7925	0.549587			0.529127003
1.7975	0.545945			0.525915588
1.8025	0.542323			0.52273076
1.8075	0.53872			0.519573346
1.8125	0.535138			0.516444169
1.8175	0.531578			0.513344031
1.8225	0.528041			0.510273702
1.8275	0.524528			0.507233912
1.8325	0.52104			0.504225347
1.8375	0.51758			0.501248638
1.8425	0.514148			0.498304362
1.8475	0.510745			0.495393038
1.8525	0.507372			0.492515128
1.8575	0.504032			0.489671034
1.8625	0.500724			0.486861102
1.8675	0.497451			0.484085619
1.8725	0.494213			0.48134482
1.8775	0.49101			0.478638887
1.8825	0.487844			0.475967952
1.8875	0.484716			0.473332098
1.8925	0.481625			0.470731365
1.8975	0.478573			0.46816575
1.9025	0.47556			0.46563521
1.9075	0.472587			0.463139667
1.9125	0.469653			0.460679007
1.9175	0.466759			0.458253085
1.9225	0.463905			0.455861724
1.9275	0.461091			0.453504724
1.9325	0.458317			0.451181856
1.9375	0.455583			0.448892869
1.9425	0.45289			0.446637493
1.9475	0.450236			0.444415437
1.9525	0.447622			0.44222639
1.9575	0.445048			0.440070029
1.9625	0.442514			0.437946015
1.9675	0.440018			0.435853995
1.9725	0.437561			0.433793605
1.9775	0.435143			0.43176447
1.9825	0.432763			0.429766208
1.9875	0.43042			0.427798426
1.9925	0.428115			0.425860724
1.9975	0.425847			0.423952698
2.0025	0.423615			0.422073938
2.0075	0.42142			0.420224028
2.0125	0.419259			0.41840255
2.0175	0.417135			0.416609084
2.0225	0.415044			0.414843205
2.0275	0.412988			0.413104489
2.0325	0.410966			0.41139251
2.0375	0.408977			0.409706843
2.0425	0.40702			0.408047063
2.0475	0.405096			0.406412745
2.0525	0.403203			0.404803466
2.0575	0.401341			0.403218803
2.0625	0.39951			0.401658339
2.0675	0.397709			0.400121655
2.0725	0.395937			0.398608338
2.0775	0.394195			0.397117978
2.0825	0.392481			0.395650166
2.0875	0.390795			0.3942045
2.0925	0.389137			0.39278058
2.0975	0.387505			0.39137801
2.1025	0.3859			0.3899964
2.1075	0.384322			0.388635364
2.1125	0.382768			0.38729452
2.1175	0.38124			0.385973492
2.1225	0.379736			0.384671908
2.1275	0.378257			0.383389402
2.1325	0.3768			0.382125614
2.1375	0.375368			0.380880187
2.1425	0.373957			0.379652772
2.1475	0.372569			0.378443024
2.1525	0.371203			0.377250604
2.1575	0.369858			0.376075178
2.1625	0.368534			0.374916419
2.1675	0.367231			0.373774005
2.1725	0.365947			0.372647619
2.1775	0.364683			0.371536949
2.1825	0.363439			0.370441692
2.1875	0.362213			0.369361546
2.1925	0.361006			0.368296218
2.1975	0.359817			0.36724542
2.2025	0.358646			0.366208868
2.2075	0.357492			0.365186284
2.2125	0.356355			0.364177397
2.2175	0.355234			0.363181939
2.2225	0.35413			0.36219965
2.2275	0.353042			0.361230273
2.2325	0.35197			0.360273557
2.2375	0.350913			0.359329255
2.2425	0.349871			0.358397128
2.2475	0.348843			0.35747694
2.2525	0.34783			0.356568459
2.2575	0.346831			0.355671459
2.2625	0.345846			0.35478572
2.2675	0.344874			0.353911024
2.2725	0.343916			0.35304716
2.2775	0.34297			0.352193921
2.2825	0.342037			0.351351102
2.2875	0.341117			0.350518507
2.2925	0.340209			0.349695939
2.2975	0.339312			0.348883211
2.3025	0.338428			0.348080134
2.3075	0.337555			0.347286529
2.3125	0.336693			0.346502216
2.3175	0.335842			0.345727022
2.3225	0.335001			0.344960777
2.3275	0.334172			0.344203314
2.3325	0.333352			0.343454471
2.3375	0.332543			0.342714088
2.3425	0.331744			0.34198201
2.3475	0.330954			0.341258085
2.3525	0.330175			0.340542164
2.3575	0.329404			0.339834101
2.3625	0.328642			0.339133754
2.3675	0.32789			0.338440985
2.3725	0.327146			0.337755656
2.3775	0.326411			0.337077635
2.3825	0.325685			0.336406792
2.3875	0.324967			0.335742999
2.3925	0.324257			0.335086133
2.3975	0.323555			0.334436071
2.4025	0.322861			0.333792694
2.4075	0.322174			0.333155886
2.4125	0.321495			0.332525534
2.4175	0.320824			0.331901525
2.4225	0.32016			0.331283751
2.4275	0.319503			0.330672105
2.4325	0.318853			0.330066483
2.4375	0.31821			0.329466784
2.4425	0.317574			0.328872907
2.4475	0.316944			0.328284755
2.4525	0.316321			0.327702232
2.4575	0.315704			0.327125245
2.4625	0.315094			0.326553703
2.4675	0.31449			0.325987515
2.4725	0.313892			0.325426596
2.4775	0.3133			0.324870858
2.4825	0.312713			0.324320218
2.4875	0.312133			0.323774594
2.4925	0.311558			0.323233906
2.4975	0.310989			0.322698075
2.5025	0.310425			0.322167024
2.5075	0.309867			0.321640677
2.5125	0.309314			0.321118962
2.5175	0.308766			0.320601804
2.5225	0.308223			0.320089135
2.5275	0.307685			0.319580883
2.5325	0.307153			0.319076982
2.5375	0.306625			0.318577365
2.5425	0.306102			0.318081967
2.5475	0.305583			0.317590724
2.5525	0.305069			0.317103573
2.5575	0.30456			0.316620454
2.5625	0.304056			0.316141305
2.5675	0.303555			0.315666069
2.5725	0.303059			0.315194687
2.5775	0.302568			0.314727103
2.5825	0.30208			0.314263262
2.5875	0.301597			0.313803109
2.5925	0.301118			0.313346591
2.5975	0.300643			0.312893655
2.6025	0.300172			0.312444251
2.6075	0.299704			0.311998329
2.6125	0.299241			0.311555838
2.6175	0.298781			0.311116732
2.6225	0.298325			0.310680961
2.6275	0.297873			0.310248481
2.6325	0.297425			0.309819244
2.6375	0.29698			0.309393207
2.6425	0.296538			0.308970326
2.6475	0.2961			0.308550557
2.6525	0.295666			0.308133859
2.6575	0.295234			0.307720189
2.6625	0.294806			0.307309507
2.6675	0.294382			0.306901772
2.6725	0.29396			0.306496947
2.6775	0.293542			0.306094991
2.6825	0.293127			0.305695868
2.6875	0.292715			0.30529954
2.6925	0.292306			0.30490597
2.6975	0.2919			0.304515123
2.7025	0.291497			0.304126963
2.7075	0.291097			0.303741456
2.7125	0.2907			0.303358568
2.7175	0.290306			0.302978265
2.7225	0.289914			0.302600514
2.7275	0.289526			0.302225284
2.7325	0.28914			0.301852543
2.7375	0.288757			0.301482259
2.7425	0.288376			0.301114402
2.7475	0.287998			0.300748941
2.7525	0.287623			0.300385848
2.7575	0.28725			0.300025092
2.7625	0.28688			0.299666646
2.7675	0.286512			0.299310482
2.7725	0.286147			0.29895657
2.7775	0.285784			0.298604886
2.7825	0.285424			0.298255401
2.7875	0.285066			0.297908089
2.7925	0.28471			0.297562924
2.7975	0.284357			0.297219882
2.8025	0.284006			0.296878937
2.8075	0.283657			0.296540063
2.8125	0.283311			0.296203238
2.8175	0.282966			0.295868437
2.8225	0.282624			0.295535637
2.8275	0.282284			0.295204814
2.8325	0.281946			0.294875946
2.8375	0.281611			0.29454901
2.8425	0.281277			0.294223984
2.8475	0.280945			0.293900847
2.8525	0.280616			0.293579578
2.8575	0.280288			0.293260154
2.8625	0.279963			0.292942556
2.8675	0.279639			0.292626763
2.8725	0.279317			0.292312755
2.8775	0.278998			0.292000512
2.8825	0.27868			0.291690015
2.8875	0.278364			0.291381244
2.8925	0.27805			0.291074181
2.8975	0.277738			0.290768807
2.9025	0.277427			0.290465104
2.9075	0.277118			0.290163052
2.9125	0.276811			0.289862636
2.9175	0.276506			0.289563837
2.9225	0.276203			0.289266637
2.9275	0.275901			0.288971021
2.9325	0.275601			0.28867697
2.9375	0.275303			0.288384469
2.9425	0.275006			0.288093501
2.9475	0.274711			0.28780405
2.9525	0.274418			0.2875161
2.9575	0.274126			0.287229636
2.9625	0.273836			0.286944642
2.9675	0.273547			0.286661102
2.9725	0.27326			0.286379003
2.9775	0.272974			0.286098329
2.9825	0.27269			0.285819065
2.9875	0.272408			0.285541198
2.9925	0.272127			0.285264713
2.9975	0.271847			0.284989596
3.0025	0.271569			0.284715833
3.0075	0.271293			0.284443411
3.0125	0.271017			0.284172316
3.0175	0.270744			0.283902535
3.0225	0.270471			0.283634056
3.0275	0.2702			0.283366864
3.0325	0.269931			0.283100949
3.0375	0.269662			0.282836296
3.0425	0.269395			0.282572894
3.0475	0.26913			0.28231073
3.0525	0.268866			0.282049793
3.0575	0.268603			0.28179007
3.0625	0.268341			0.28153155
3.0675	0.268081			0.281274221
3.0725	0.267821			0.281018072
3.0775	0.267564			0.280763092
3.0825	0.267307			0.280509269
3.0875	0.267052			0.280256593
3.0925	0.266797			0.280005052
3.0975	0.266544			0.279754636
3.1025	0.266293			0.279505335
3.1075	0.266042			0.279257138
3.1125	0.265793			0.279010034
3.1175	0.265544			0.278764014
3.1225	0.265297			0.278519068
3.1275	0.265051			0.278275185
3.1325	0.264807			0.278032356
3.1375	0.264563			0.277790572
3.1425	0.26432			0.277549822
3.1475	0.264079			0.277310097
3.1525	0.263838			0.277071389
3.1575	0.263599			0.276833687
3.1625	0.263361			0.276596983
3.1675	0.263124			0.276361268
3.1725	0.262887			0.276126532
3.1775	0.262652			0.275892768
3.1825	0.262418			0.275659967
3.1875	0.262185			0.27542812
3.1925	0.261953			0.275197218
3.1975	0.261722			0.274967254
3.2025	0.261492			0.274738219
3.2075	0.261263			0.274510105
3.2125	0.261035			0.274282903
3.2175	0.260808			0.274056607
3.2225	0.260582			0.273831209
3.2275	0.260357			0.2736067
3.2325	0.260132			0.273383072
3.2375	0.259909			0.273160319
3.2425	0.259687			0.272938433
3.2475	0.259465			0.272717407
3.2525	0.259244			0.272497233
3.2575	0.259025			0.272277903
3.2625	0.258806			0.272059412
3.2675	0.258588			0.271841752
3.2725	0.258371			0.271624915
3.2775	0.258155			0.271408896
3.2825	0.25794			0.271193687
3.2875	0.257725			0.270979281
3.2925	0.257512			0.270765673
3.2975	0.257299			0.270552855
3.3025	0.257087			0.270340821
3.3075	0.256876			0.270129564
3.3125	0.256666			0.269919079
3.3175	0.256457			0.269709358
3.3225	0.256248			0.269500397
3.3275	0.25604			0.269292188
3.3325	0.255833			0.269084725
3.3375	0.255627			0.268878003
3.3425	0.255421			0.268672016
3.3475	0.255217			0.268466758
3.3525	0.255013			0.268262222
3.3575	0.25481			0.268058405
3.3625	0.254607			0.267855298
3.3675	0.254406			0.267652898
3.3725	0.254205			0.267451199
3.3775	0.254005			0.267250195
3.3825	0.253806			0.26704988
3.3875	0.253607			0.26685025
3.3925	0.253409			0.266651299
3.3975	0.253212			0.266453022
3.4025	0.253015			0.266255414
3.4075	0.252819			0.266058469
3.4125	0.252624			0.265862183
3.4175	0.25243			0.26566655
3.4225	0.252236			0.265471566
3.4275	0.252043			0.265277226
3.4325	0.251851			0.265083524
3.4375	0.251659			0.264890457
3.4425	0.251468			0.264698019
3.4475	0.251278			0.264506206
3.4525	0.251088			0.264315013
3.4575	0.250899			0.264124435
3.4625	0.250711			0.263934468
3.4675	0.250523			0.263745108
3.4725	0.250336			0.263556349
3.4775	0.25015			0.263368188
3.4825	0.249964			0.263180621
3.4875	0.249779			0.262993642
3.4925	0.249594			0.262807249
3.4975	0.24941			0.262621435
3.5025	0.249227			0.262436198
3.5075	0.249044			0.262251534
3.5125	0.248862			0.262067437
3.5175	0.24868			0.261883905
3.5225	0.248499			0.261700933
3.5275	0.248319			0.261518517
3.5325	0.248139			0.261336653
3.5375	0.24796			0.261155337
3.5425	0.247781			0.260974566
3.5475	0.247603			0.260794336
3.5525	0.247426			0.260614643
3.5575	0.247249			0.260435484
3.5625	0.247073			0.260256854
3.5675	0.246897			0.26007875
3.5725	0.246722			0.259901168
3.5775	0.246547			0.259724105
3.5825	0.246373			0.259547558
3.5875	0.246199			0.259371522
3.5925	0.246026			0.259195995
3.5975	0.245854			0.259020973
3.6025	0.245682			0.258846452
3.6075	0.24551			0.25867243
3.6125	0.245339			0.258498902
3.6175	0.245169			0.258325867
3.6225	0.244999			0.258153319
3.6275	0.24483			0.257981257
3.6325	0.244661			0.257809676
3.6375	0.244493			0.257638575
3.6425	0.244325			0.257467949
3.6475	0.244157			0.257297796
3.6525	0.243991			0.257128112
3.6575	0.243824			0.256958895
3.6625	0.243658			0.256790141
3.6675	0.243493			0.256621848
3.6725	0.243328			0.256454012
3.6775	0.243164			0.256286632
3.6825	0.243			0.256119702
3.6875	0.242836			0.255953222
3.6925	0.242673			0.255787188
3.6975	0.242511			0.255621597
3.7025	0.242349			0.255456447
3.7075	0.242187			0.255291734
3.7125	0.242026			0.255127457
3.7175	0.241865			0.254963612
3.7225	0.241705			0.254800196
3.7275	0.241545			0.254637208
3.7325	0.241386			0.254474644
3.7375	0.241227			0.254312502
3.7425	0.241069			0.254150779
3.7475	0.240911			0.253989472
3.7525	0.240753			0.25382858
3.7575	0.240596			0.2536681
3.7625	0.240439			0.253508028
3.7675	0.240283			0.253348364
3.7725	0.240127			0.253189104
3.7775	0.239972			0.253030245
3.7825	0.239817			0.252871787
3.7875	0.239662			0.252713725
3.7925	0.239508			0.252556058
3.7975	0.239354			0.252398784
3.8025	0.239201			0.2522419
3.8075	0.239048			0.252085404
3.8125	0.238896			0.251929293
3.8175	0.238744			0.251773566
3.8225	0.238592			0.25161822
3.8275	0.238441			0.251463254
3.8325	0.23829			0.251308664
3.8375	0.238139			0.251154449
3.8425	0.237989			0.251000606
3.8475	0.237839			0.250847134
3.8525	0.23769			0.25069403
3.8575	0.237541			0.250541293
3.8625	0.237392			0.250388919
3.8675	0.237244			0.250236908
3.8725	0.237096			0.250085258
3.8775	0.236949			0.249933965
3.8825	0.236802			0.249783028
3.8875	0.236655			0.249632446
3.8925	0.236509			0.249482216
3.8975	0.236363			0.249332336
3.9025	0.236217			0.249182805
3.9075	0.236072			0.24903362
3.9125	0.235927			0.24888478
3.9175	0.235783			0.248736282
3.9225	0.235639			0.248588126
3.9275	0.235495			0.248440309
3.9325	0.235352			0.248292828
3.9375	0.235209			0.248145684
3.9425	0.235066			0.247998873
3.9475	0.234923			0.247852394
3.9525	0.234781			0.247706245
3.9575	0.23464			0.247560424
3.9625	0.234498			0.24741493
3.9675	0.234357			0.247269762
3.9725	0.234217			0.247124916
3.9775	0.234077			0.246980392
3.9825	0.233937			0.246836188
3.9875	0.233797			0.246692302
3.9925	0.233658			0.246548733
3.9975	0.233519			0.246405479
4.0025	0.23338			0.246262538
4.0075	0.233242			0.246119909
4.0125	0.233104			0.245977591
4.0175	0.232966			0.245835581
4.0225	0.232829			0.245693878
4.0275	0.232692			0.24555248
4.0325	0.232555			0.245411387
4.0375	0.232419			0.245270596
4.0425	0.232282			0.245130106
4.0475	0.232147			0.244989916
4.0525	0.232011			0.244850023
4.0575	0.231876			0.244710427
4.0625	0.231741			0.244571126
4.0675	0.231607			0.244432119
4.0725	0.231472			0.244293404
4.0775	0.231339			0.24415498
4.0825	0.231205			0.244016845
4.0875	0.231072			0.243878998
4.0925	0.230939			0.243741437
4.0975	0.230806			0.243604162
4.1025	0.230674			0.243467171
4.1075	0.230541			0.243330462
4.1125	0.23041			0.243194034
4.1175	0.230278			0.243057886
4.1225	0.230147			0.242922017
4.1275	0.230016			0.242786424
4.1325	0.229885			0.242651107
4.1375	0.229755			0.242516065
4.1425	0.229625			0.242381297
4.1475	0.229495			0.2422468
4.1525	0.229365			0.242112574
4.1575	0.229236			0.241978617
4.1625	0.229107			0.241844929
4.1675	0.228978			0.241711508
4.1725	0.22885			0.241578352
4.1775	0.228722			0.241445461
4.1825	0.228594			0.241312833
4.1875	0.228467			0.241180468
4.1925	0.228339			0.241048363
4.1975	0.228212			0.240916518
4.2025	0.228085			0.240784932
4.2075	0.227959			0.240653604
4.2125	0.227833			0.240522531
4.2175	0.227707			0.240391714
4.2225	0.227581			0.240261151
4.2275	0.227456			0.240130841
4.2325	0.22733			0.240000782
4.2375	0.227205			0.239870974
4.2425	0.227081			0.239741416
4.2475	0.226956			0.239612106
4.2525	0.226832			0.239483044
4.2575	0.226708			0.239354228
4.2625	0.226585			0.239225657
4.2675	0.226461			0.239097331
4.2725	0.226338			0.238969247
4.2775	0.226215			0.238841406
4.2825	0.226093			0.238713806
4.2875	0.22597			0.238586445
4.2925	0.225848			0.238459324
4.2975	0.225726			0.238332441
4.3025	0.225605			0.238205795
4.3075	0.225483			0.238079384
4.3125	0.225362			0.237953209
4.3175	0.225241			0.237827268
4.3225	0.225121			0.237701559
4.3275	0.225			0.237576083
4.3325	0.22488			0.237450838
4.3375	0.22476			0.237325823
4.3425	0.224641			0.237201037
4.3475	0.224521			0.237076479
4.3525	0.224402			0.236952149
4.3575	0.224283			0.236828045
4.3625	0.224164			0.236704166
4.3675	0.224046			0.236580512
4.3725	0.223927			0.236457081
4.3775	0.223809			0.236333874
4.3825	0.223691			0.236210888
4.3875	0.223574			0.236088122
4.3925	0.223456			0.235965577
4.3975	0.223339			0.235843251
4.4025	0.223222			0.235721143
4.4075	0.223106			0.235599253
4.4125	0.222989			0.235477579
4.4175	0.222873			0.235356121
4.4225	0.222757			0.235234877
4.4275	0.222641			0.235113848
4.4325	0.222526			0.234993032
4.4375	0.22241			0.234872427
4.4425	0.222295			0.234752035
4.4475	0.22218			0.234631853
4.4525	0.222065			0.234511881
4.4575	0.221951			0.234392117
4.4625	0.221837			0.234272562
4.4675	0.221723			0.234153215
4.4725	0.221609			0.234034074
4.4775	0.221495			0.233915138
4.4825	0.221382			0.233796408
4.4875	0.221268			0.233677882
4.4925	0.221155			0.233559559
4.4975	0.221043			0.233441439
4.5025	0.22093			0.233323521
4.5075	0.220818			0.233205804
4.5125	0.220706			0.233088288
4.5175	0.220594			0.232970971
4.5225	0.220482			0.232853853
4.5275	0.22037			0.232736933
4.5325	0.220259			0.23262021
4.5375	0.220148			0.232503685
4.5425	0.220037			0.232387355
4.5475	0.219926			0.23227122
4.5525	0.219816			0.23215528
4.5575	0.219705			0.232039534
4.5625	0.219595			0.23192398
4.5675	0.219485			0.23180862
4.5725	0.219375			0.23169345
4.5775	0.219266			0.231578472
4.5825	0.219156			0.231463684
4.5875	0.219047			0.231349086
4.5925	0.218938			0.231234676
4.5975	0.218829			0.231120455
4.6025	0.218721			0.231006421
4.6075	0.218613			0.230892574
4.6125	0.218504			0.230778914
4.6175	0.218396			0.230665439
4.6225	0.218288			0.230552148
4.6275	0.218181			0.230439042
4.6325	0.218073			0.23032612
4.6375	0.217966			0.230213381
4.6425	0.217859			0.230100823
4.6475	0.217752			0.229988448
4.6525	0.217645			0.229876253
4.6575	0.217539			0.229764239
4.6625	0.217433			0.229652405
4.6675	0.217327			0.229540749
4.6725	0.217221			0.229429273
4.6775	0.217115			0.229317974
4.6825	0.217009			0.229206852
4.6875	0.216904			0.229095907
4.6925	0.216799			0.228985138
4.6975	0.216693			0.228874545
4.7025	0.216589			0.228764126
4.7075	0.216484			0.228653881
4.7125	0.216379			0.228543811
4.7175	0.216275			0.228433913
4.7225	0.216171			0.228324188
4.7275	0.216067			0.228214635
4.7325	0.215963			0.228105253
4.7375	0.215859			0.227996041
4.7425	0.215756			0.227887
4.7475	0.215653			0.227778129
4.7525	0.21555			0.227669426
4.7575	0.215447			0.227560892
4.7625	0.215344			0.227452526
4.7675	0.215241			0.227344327
4.7725	0.215139			0.227236296
4.7775	0.215037			0.22712843
4.7825	0.214934			0.22702073
4.7875	0.214833			0.226913195
4.7925	0.214731			0.226805825
4.7975	0.214629			0.226698619
4.8025	0.214528			0.226591576
4.8075	0.214426			0.226484696
4.8125	0.214325			0.226377979
4.8175	0.214224			0.226271424
4.8225	0.214124			0.22616503
4.8275	0.214023			0.226058797
4.8325	0.213923			0.225952725
4.8375	0.213822			0.225846812
4.8425	0.213722			0.225741059
4.8475	0.213622			0.225635465
4.8525	0.213523			0.225530029
4.8575	0.213423			0.22542475
4.8625	0.213323			0.225319629
4.8675	0.213224			0.225214665
4.8725	0.213125			0.225109858
4.8775	0.213026			0.225005206
4.8825	0.212927			0.224900709
4.8875	0.212829			0.224796367
4.8925	0.21273			0.22469218
4.8975	0.212632			0.224588147
4.9025	0.212533			0.224484266
4.9075	0.212435			0.224380539
4.9125	0.212338			0.224276965
4.9175	0.21224			0.224173542
4.9225	0.212142			0.224070271
4.9275	0.212045			0.223967151
4.9325	0.211947			0.223864181
4.9375	0.21185			0.223761362
4.9425	0.211753			0.223658692
4.9475	0.211657			0.223556171
4.9525	0.21156			0.223453799
4.9575	0.211463			0.223351576
4.9625	0.211367			0.2232495
4.9675	0.211271			0.223147571
4.9725	0.211175			0.22304579
4.9775	0.211079			0.222944155
4.9825	0.210983			0.222842666
4.9875	0.210887			0.222741323
4.9925	0.210792			0.222640124
4.9975	0.210697			0.222539071
5.0025	0.210601			0.222438162
5.0075	0.210506			0.222337396
5.0125	0.210411			0.222236774
5.0175	0.210317			0.222136295
5.0225	0.210222			0.222035959
5.0275	0.210128			0.221935765
5.0325	0.210033			0.221835712
5.0375	0.209939			0.221735801
5.0425	0.209845			0.221636031
5.0475	0.209751			0.221536401
5.0525	0.209657			0.221436911
5.0575	0.209564			0.221337561
5.0625	0.20947			0.22123835
5.0675	0.209377			0.221139278
5.0725	0.209284			0.221040344
5.0775	0.209191			0.220941549
5.0825	0.209098			0.220842891
5.0875	0.209005			0.22074437
5.0925	0.208912			0.220645986
5.0975	0.20882			0.220547738
5.1025	0.208728			0.220449627
5.1075	0.208635			0.220351651
5.1125	0.208543			0.22025381
5.1175	0.208451			0.220156104
5.1225	0.20836			0.220058533
5.1275	0.208268			0.219961096
5.1325	0.208176			0.219863792
5.1375	0.208085			0.219766622
5.1425	0.207994			0.219669585
5.1475	0.207902			0.21957268
5.1525	0.207811			0.219475907
5.1575	0.207721			0.219379267
5.1625	0.20763			0.219282758
5.1675	0.207539			0.219186379
5.1725	0.207449			0.219090132
5.1775	0.207358			0.218994015
5.1825	0.207268			0.218898028
5.1875	0.207178			0.21880217
5.1925	0.207088			0.218706442
5.1975	0.206998			0.218610842
5.2025	0.206909			0.218515371
5.2075	0.206819			0.218420028
5.2125	0.20673			0.218324814
5.2175	0.20664			0.218229726
5.2225	0.206551			0.218134766
5.2275	0.206462			0.218039932
5.2325	0.206373			0.217945225
5.2375	0.206284			0.217850644
5.2425	0.206196			0.217756188
5.2475	0.206107			0.217661858
5.2525	0.206019			0.217567653
5.2575	0.20593			0.217473572
5.2625	0.205842			0.217379616
5.2675	0.205754			0.217285784
5.2725	0.205666			0.217192076
5.2775	0.205578			0.217098491
5.2825	0.205491			0.217005029
5.2875	0.205403			0.216911689
5.2925	0.205316			0.216818472
5.2975	0.205228			0.216725377
5.3025	0.205141			0.216632404
5.3075	0.205054			0.216539551
5.3125	0.204967			0.21644682
5.3175	0.20488			0.21635421
5.3225	0.204794			0.21626172
5.3275	0.204707			0.21616935
5.3325	0.204621			0.2160771
5.3375	0.204534			0.215984969
5.3425	0.204448			0.215892957
5.3475	0.204362			0.215801064
5.3525	0.204276			0.21570929
5.3575	0.20419			0.215617633
5.3625	0.204104			0.215526095
5.3675	0.204019			0.215434674
5.3725	0.203933			0.21534337
5.3775	0.203848			0.215252183
5.3825	0.203762			0.215161113
5.3875	0.203677			0.215070159
5.3925	0.203592			0.214979321
5.3975	0.203507			0.214888599
5.4025	0.203422			0.214797992
5.4075	0.203338			0.2147075
5.4125	0.203253			0.214617123
5.4175	0.203169			0.21452686
5.4225	0.203084			0.214436712
5.4275	0.203			0.214346678
5.4325	0.202916			0.214256757
5.4375	0.202832			0.214166949
5.4425	0.202748			0.214077255
5.4475	0.202664			0.213987673
5.4525	0.20258			0.213898204
5.4575	0.202497			0.213808846
5.4625	0.202413			0.213719601
5.4675	0.20233			0.213630467
5.4725	0.202247			0.213541445
5.4775	0.202164			0.213452533
5.4825	0.202081			0.213363733
5.4875	0.201998			0.213275043
5.4925	0.201915			0.213186462
5.4975	0.201832			0.213097992
5.5025	0.20175			0.213009632
5.5075	0.201667			0.21292138
5.5125	0.201585			0.212833238
5.5175	0.201502			0.212745205
5.5225	0.20142			0.21265728
5.5275	0.201338			0.212569463
5.5325	0.201256			0.212481755
5.5375	0.201175			0.212394154
5.5425	0.201093			0.21230666
5.5475	0.201011			0.212219274
5.5525	0.20093			0.212131994
5.5575	0.200848			0.212044821
5.5625	0.200767			0.211957755
5.5675	0.200686			0.211870795
5.5725	0.200605			0.21178394
5.5775	0.200524			0.211697191
5.5825	0.200443			0.211610547
5.5875	0.200362			0.211524009
5.5925	0.200281			0.211437575
5.5975	0.200201			0.211351246
5.6025	0.20012			0.211265021
5.6075	0.20004			0.2111789
5.6125	0.19996			0.211092883
5.6175	0.19988			0.211006969
5.6225	0.199799			0.210921159
5.6275	0.19972			0.210835451
5.6325	0.19964			0.210749847
5.6375	0.19956			0.210664344
5.6425	0.19948			0.210578945
5.6475	0.199401			0.210493647
5.6525	0.199321			0.210408451
5.6575	0.199242			0.210323356
5.6625	0.199163			0.210238363
5.6675	0.199084			0.210153471
5.6725	0.199005			0.21006868
5.6775	0.198926			0.209983989
5.6825	0.198847			0.209899398
5.6875	0.198768			0.209814908
5.6925	0.198689			0.209730517
5.6975	0.198611			0.209646226
5.7025	0.198532			0.209562034
5.7075	0.198454			0.209477942
5.7125	0.198376			0.209393948
5.7175	0.198298			0.209310053
5.7225	0.198219			0.209226256
5.7275	0.198142			0.209142558
5.7325	0.198064			0.209058958
5.7375	0.197986			0.208975455
5.7425	0.197908			0.208892049
5.7475	0.197831			0.208808741
5.7525	0.197753			0.20872553
5.7575	0.197676			0.208642416
5.7625	0.197598			0.208559399
5.7675	0.197521			0.208476477
5.7725	0.197444			0.208393652
5.7775	0.197367			0.208310923
5.7825	0.19729			0.208228289
5.7875	0.197213			0.208145751
5.7925	0.197137			0.208063308
5.7975	0.19706			0.20798096
5.8025	0.196984			0.207898707
5.8075	0.196907			0.207816549
5.8125	0.196831			0.207734484
5.8175	0.196754			0.207652514
5.8225	0.196678			0.207570638
5.8275	0.196602			0.207488855
5.8325	0.196526			0.207407166
5.8375	0.19645			0.207325571
5.8425	0.196375			0.207244068
5.8475	0.196299			0.207162658
5.8525	0.196223			0.207081341
5.8575	0.196148			0.207000116
5.8625	0.196072			0.206918983
5.8675	0.195997			0.206837943
5.8725	0.195922			0.206756994
5.8775	0.195846			0.206676136
5.8825	0.195771			0.20659537
5.8875	0.195696			0.206514696
5.8925	0.195622			0.206434112
5.8975	0.195547			0.206353619
5.9025	0.195472			0.206273216
5.9075	0.195397			0.206192904
5.9125	0.195323			0.206112681
5.9175	0.195248			0.206032549
5.9225	0.195174			0.205952507
5.9275	0.1951			0.205872554
5.9325	0.195026			0.20579269
5.9375	0.194951			0.205712916
5.9425	0.194877			0.20563323
5.9475	0.194804			0.205553633
5.9525	0.19473			0.205474125
5.9575	0.194656			0.205394704
5.9625	0.194582			0.205315372
5.9675	0.194509			0.205236128
5.9725	0.194435			0.205156972
5.9775	0.194362			0.205077903
5.9825	0.194288			0.204998922
5.9875	0.194215			0.204920028
5.9925	0.194142			0.20484122
5.9975	0.194069			0.2047625
