-0.0025	-0.0949821		two fibers_not connected to ground	-0.094982064
0.0025	-0.0949821		dist = 0.1	-0.094982064
0.0075	-0.0949845		node15_ina	-0.094985235
0.0125	-0.0949894			-0.094991386
0.0175	-0.0949959			-0.094999134
0.0225	-0.0950033			-0.09500773
0.0275	-0.0950113			-0.095016754
0.0325	-0.0950197			-0.095025959
0.0375	-0.0950282			-0.095035197
0.0425	-0.0950367			-0.095044375
0.0475	-0.0950453			-0.095053431
0.0525	-0.0950537			-0.095062323
0.0575	-0.095062			-0.095071023
0.0625	-0.0950701			-0.095079511
0.0675	-0.095078			-0.095087774
0.0725	-0.0950858			-0.095095802
0.0775	-0.0950933			-0.095103589
0.0825	-0.0951006			-0.095111135
0.0875	-0.0951077			-0.095118437
0.0925	-0.0951145			-0.095125498
0.0975	-0.0951211			-0.09513232
0.1025	-0.0951275			-0.095138907
0.1075	-0.0951337			-0.095145264
0.1125	-0.0951397			-0.095151398
0.1175	-0.0951455			-0.095157313
0.1225	-0.095151			-0.095163016
0.1275	-0.0951564			-0.095168514
0.1325	-0.0951616			-0.095173815
0.1375	-0.0951666			-0.095178925
0.1425	-0.0951714			-0.095183851
0.1475	-0.095176			-0.0951886
0.1525	-0.0951805			-0.095193179
0.1575	-0.0951848			-0.095197596
0.1625	-0.0951889			-0.095201857
0.1675	-0.0951929			-0.095205969
0.1725	-0.0951968			-0.095209937
0.1775	-0.0952005			-0.095213769
0.1825	-0.0952041			-0.09521747
0.1875	-0.0952076			-0.095221046
0.1925	-0.095211			-0.095224503
0.1975	-0.0952142			-0.095227846
0.2025	-0.0952174			-0.09523108
0.2075	-0.0952204			-0.095234211
0.2125	-0.0952233			-0.095237242
0.2175	-0.0952262			-0.095240179
0.2225	-0.0952289			-0.095243025
0.2275	-0.0952316			-0.095245786
0.2325	-0.0952342			-0.095248464
0.2375	-0.0952367			-0.095251064
0.2425	-0.0952391			-0.09525359
0.2475	-0.0952415			-0.095256043
0.2525	-0.0952438			-0.095258429
0.2575	-0.095246			-0.09526075
0.2625	-0.0952482			-0.095263008
0.2675	-0.0952503			-0.095265207
0.2725	-0.0952523			-0.09526735
0.2775	-0.0952543			-0.095269438
0.2825	-0.0952563			-0.095271475
0.2875	-0.0952581			-0.095273462
0.2925	-0.09526			-0.095275401
0.2975	-0.0952618			-0.095277295
0.3025	-0.0952635			-0.095279146
0.3075	-0.0952653			-0.095280955
0.3125	-0.0952669			-0.095282725
0.3175	-0.0952686			-0.095284456
0.3225	-0.0952702			-0.095286151
0.3275	-0.0952718			-0.09528781
0.3325	-0.0952733			-0.095289436
0.3375	-0.0952748			-0.09529103
0.3425	-0.0952763			-0.095292593
0.3475	-0.0952777			-0.095294126
0.3525	-0.0952791			-0.09529563
0.3575	-0.0952805			-0.095297107
0.3625	-0.0952819			-0.095298557
0.3675	-0.0952832			-0.095299982
0.3725	-0.0952845			-0.095301382
0.3775	-0.0952858			-0.095302759
0.3825	-0.0952871			-0.095304112
0.3875	-0.0952883			-0.095305444
0.3925	-0.0952895			-0.095306755
0.3975	-0.0952907			-0.095308045
0.4025	-0.0952919			-0.095309316
0.4075	-0.0952931			-0.095310567
0.4125	-0.0952942			-0.0953118
0.4175	-0.0952953			-0.095313015
0.4225	-0.0952964			-0.095314213
0.4275	-0.0952975			-0.095315394
0.4325	-0.0952986			-0.095316559
0.4375	-0.0952997			-0.095317709
0.4425	-0.0953007			-0.095318843
0.4475	-0.0953018			-0.095319963
0.4525	-0.0953028			-0.095321068
0.4575	-0.0953038			-0.09532216
0.4625	-0.0953048			-0.095323238
0.4675	-0.0953058			-0.095324303
0.4725	-0.0953067			-0.095325356
0.4775	-0.0953077			-0.095326396
0.4825	-0.0953086			-0.095327424
0.4875	-0.0953096			-0.095328441
0.4925	-0.0953105			-0.095329446
0.4975	-0.0953114			-0.09533044
0.5025	-0.0953123			-0.095331424
0.5075	-0.0953132			-0.095332397
0.5125	-0.0953141			-0.09533336
0.5175	-0.095315			-0.095334313
0.5225	-0.0953158			-0.095335256
0.5275	-0.0953167			-0.09533619
0.5325	-0.0953175			-0.095337114
0.5375	-0.0953184			-0.09533803
0.5425	-0.0953192			-0.095338937
0.5475	-0.09532			-0.095339835
0.5525	-0.0953208			-0.095340725
0.5575	-0.0953216			-0.095341607
0.5625	-0.0953224			-0.095342481
0.5675	-0.0953232			-0.095343346
0.5725	-0.095324			-0.095344205
0.5775	-0.0953247			-0.095345055
0.5825	-0.0953255			-0.095345899
0.5875	-0.0953263			-0.095346735
0.5925	-0.095327			-0.095347564
0.5975	-0.0953278			-0.095348386
0.6025	-0.0953285			-0.095349202
0.6075	-0.0953292			-0.095350011
0.6125	-0.09533			-0.095350813
0.6175	-0.0953307			-0.095351609
0.6225	-0.0953314			-0.095352399
0.6275	-0.0953321			-0.095353183
0.6325	-0.0953328			-0.09535396
0.6375	-0.0953335			-0.095354732
0.6425	-0.0953342			-0.095355498
0.6475	-0.0953349			-0.095356258
0.6525	-0.0953356			-0.095357013
0.6575	-0.0953363			-0.095357762
0.6625	-0.0953369			-0.095358506
0.6675	-0.0953376			-0.095359245
0.6725	-0.0953382			-0.095359978
0.6775	-0.0953389			-0.095360706
0.6825	-0.0953396			-0.095361429
0.6875	-0.0953402			-0.095362148
0.6925	-0.0953408			-0.095362861
0.6975	-0.0953415			-0.09536357
0.7025	-0.0953421			-0.095364274
0.7075	-0.0953427			-0.095364973
0.7125	-0.0953434			-0.095365668
0.7175	-0.095344			-0.095366358
0.7225	-0.0953446			-0.095367044
0.7275	-0.0953452			-0.095367725
0.7325	-0.0953458			-0.095368403
0.7375	-0.0953464			-0.095369076
0.7425	-0.095347			-0.095369744
0.7475	-0.0953476			-0.095370409
0.7525	-0.0953482			-0.09537107
0.7575	-0.0953488			-0.095371727
0.7625	-0.0953494			-0.09537238
0.7675	-0.09535			-0.095373029
0.7725	-0.0953505			-0.095373674
0.7775	-0.0953511			-0.095374316
0.7825	-0.0953517			-0.095374953
0.7875	-0.0953522			-0.095375588
0.7925	-0.0953528			-0.095376218
0.7975	-0.0953534			-0.095376845
0.8025	-0.0953539			-0.095377469
0.8075	-0.0953545			-0.095378089
0.8125	-0.095355			-0.095378706
0.8175	-0.0953556			-0.095379319
0.8225	-0.0953561			-0.095379929
0.8275	-0.0953567			-0.095380536
0.8325	-0.0953572			-0.09538114
0.8375	-0.0953577			-0.09538174
0.8425	-0.0953583			-0.095382337
0.8475	-0.0953588			-0.095382931
0.8525	-0.0953593			-0.095383523
0.8575	-0.0953598			-0.095384111
0.8625	-0.0953604			-0.095384696
0.8675	-0.0953609			-0.095385278
0.8725	-0.0953614			-0.095385857
0.8775	-0.0953619			-0.095386434
0.8825	-0.0953624			-0.095387007
0.8875	-0.0953629			-0.095387578
0.8925	-0.0953634			-0.095388146
0.8975	-0.0953639			-0.095388712
0.9025	-0.0953644			-0.095389274
0.9075	-0.0953649			-0.095389834
0.9125	-0.0953654			-0.095390392
0.9175	-0.0953659			-0.095390946
0.9225	-0.0953664			-0.095391498
0.9275	-0.0953669			-0.095392048
0.9325	-0.0953674			-0.095392595
0.9375	-0.0953678			-0.09539314
0.9425	-0.0953683			-0.095393682
0.9475	-0.0953688			-0.095394222
0.9525	-0.0953693			-0.095394759
0.9575	-0.0953697			-0.095395294
0.9625	-0.0953702			-0.095395827
0.9675	-0.0953707			-0.095396357
0.9725	-0.0953711			-0.095396885
0.9775	-0.0953716			-0.095397411
0.9825	-0.0953721			-0.095397934
0.9875	-0.0953725			-0.095398456
0.9925	-0.095373			-0.095398975
0.9975	-0.0953735			-0.095399492
1.0025	-0.0953739			-0.095400007
1.0075	-0.0953744			-0.09540052
1.0125	-0.0953748			-0.095401038
1.0175	-0.0953753			-0.095401572
1.0225	-0.0953757			-0.095402142
1.0275	-0.0953762			-0.095402778
1.0325	-0.0953766			-0.095403517
1.0375	-0.0953771			-0.095404403
1.0425	-0.0953777			-0.095405486
1.0475	-0.0953783			-0.095406824
1.0525	-0.095379			-0.095408484
1.0575	-0.0953798			-0.095410543
1.0625	-0.0953808			-0.095413095
1.0675	-0.095382			-0.095416246
1.0725	-0.0953834			-0.095420127
1.0775	-0.0953852			-0.095424893
1.0825	-0.0953874			-0.095430729
1.0875	-0.09539			-0.095437856
1.0925	-0.0953932			-0.095446544
1.0975	-0.0953971			-0.095457117
1.1025	-0.0954018			-0.095469963
1.1075	-0.0954075			-0.095485552
1.1125	-0.0954144			-0.095504454
1.1175	-0.0954227			-0.095527362
1.1225	-0.0954326			-0.095555105
1.1275	-0.0954446			-0.095588682
1.1325	-0.095459			-0.095629319
1.1375	-0.0954762			-0.095678511
1.1425	-0.0954969			-0.095738039
1.1475	-0.0955217			-0.095810048
1.1525	-0.0955513			-0.095897185
1.1575	-0.0955869			-0.096002702
1.1625	-0.0956294			-0.096130471
1.1675	-0.0956804			-0.096285122
1.1725	-0.0957414			-0.096472427
1.1775	-0.0958144			-0.096699579
1.1825	-0.0959019			-0.096975144
1.1875	-0.0960066			-0.097309285
1.1925	-0.0961321			-0.097714828
1.1975	-0.0962824			-0.098208174
1.2025	-0.0964626			-0.098808975
1.2075	-0.0966787			-0.099540378
1.2125	-0.0969378			-0.100432088
1.2175	-0.0972488			-0.101523709
1.2225	-0.0976224			-0.102863715
1.2275	-0.0980717			-0.104509133
1.2325	-0.0986121			-0.106535011
1.2375	-0.0992627			-0.109047819
1.2425	-0.100047			-0.112184474
1.2475	-0.100996			-0.116109284
1.2525	-0.102145			-0.121047338
1.2575	-0.103538			-0.127346303
1.2625	-0.10523			-0.13549659
1.2675	-0.107299			-0.146126753
1.2725	-0.109837			-0.160159352
1.2775	-0.11296			-0.179187061
1.2825	-0.116819			-0.205819762
1.2875	-0.121631			-0.243917446
1.2925	-0.127698			-0.299894365
1.2975	-0.13541			-0.386706848
1.3025	-0.145289			-0.531044991
1.3075	-0.158129			-0.78345585
1.3125	-0.175209			-1.246433143
1.3175	-0.198468			-2.174209584
1.3225	-0.230725			-4.237376206
1.3275	-0.276543			-8.8749549
1.3325	-0.344458			-18.20408762
1.3375	-0.450946			-33.40858011
1.3425	-0.625988			-47.75580587
1.3475	-0.925112			-48.02430909
1.3525	-1.46772			-40.59440188
1.3575	-2.5465			-34.61620691
1.3625	-4.85515			-30.01918281
1.3675	-9.69941			-25.98621233
1.3725	-18.8584			-22.89376619
1.3775	-33.2503			-20.85254942
1.3825	-47.5255			-19.40280751
1.3875	-49.847			-18.18626234
1.3925	-43.2127			-17.13676571
1.3975	-37.0423			-16.28447268
1.4025	-32.522			-15.5859502
1.4075	-28.5985			-14.97322
1.4125	-25.0873			-14.41232433
1.4175	-22.3933			-13.90027944
1.4225	-20.5398			-13.43250613
1.4275	-19.1967			-12.99679148
1.4325	-18.0789			-12.58271931
1.4375	-17.0842			-12.18612495
1.4425	-16.2263			-11.80530727
1.4475	-15.5073			-11.43778398
1.4525	-14.8909			-11.08082395
1.4575	-14.3359			-10.73269188
1.4625	-13.82			-10.39261083
1.4675	-13.3381			-10.06003111
1.4725	-12.8883			-9.734397622
1.4775	-12.465			-9.415313144
1.4825	-12.0612			-9.102638807
1.4875	-11.672			-8.796387707
1.4925	-11.2951			-8.496618869
1.4975	-10.9297			-8.20342155
1.5025	-10.5744			-7.916933925
1.5075	-10.2281			-7.637331504
1.5125	-9.88997			-7.364797098
1.5175	-9.5594			-7.099502436
1.5225	-9.23626			-6.841604186
1.5275	-8.92049			-6.59124099
1.5325	-8.61204			-6.348526214
1.5375	-8.31091			-6.113541287
1.5425	-8.01718			-5.886332935
1.5475	-7.73096			-5.666912976
1.5525	-7.45241			-5.455258474
1.5575	-7.18164			-5.251312228
1.5625	-6.91877			-5.05498436
1.5675	-6.6639			-4.866155101
1.5725	-6.41709			-4.684678191
1.5775	-6.1784			-4.51038451
1.5825	-5.94783			-4.34308591
1.5875	-5.72537			-4.182579211
1.5925	-5.51095			-4.028650181
1.5975	-5.30449			-3.881077301
1.6025	-5.10587			-3.739635205
1.6075	-4.91495			-3.604097723
1.6125	-4.73155			-3.474240512
1.6175	-4.55547			-3.349843201
1.6225	-4.38652			-3.230691059
1.6275	-4.22447			-3.116576184
1.6325	-4.06908			-3.007298277
1.6375	-3.92012			-2.902665018
1.6425	-3.77736			-2.802492126
1.6475	-3.64054			-2.706603146
1.6525	-3.50945			-2.614829038
1.6575	-3.38384			-2.527007626
1.6625	-3.2635			-2.44298297
1.6675	-3.1482			-2.362604703
1.6725	-3.03776			-2.285727386
1.6775	-2.93196			-2.212209913
1.6825	-2.83062			-2.14191499
1.6875	-2.73356			-2.074708701
1.6925	-2.64061			-2.010460186
1.6975	-2.5516			-1.949041414
1.7025	-2.46639			-1.890327057
1.7075	-2.38481			-1.834194458
1.7125	-2.30672			-1.780523669
1.7175	-2.23199			-1.729197562
1.7225	-2.16046			-1.68010198
1.7275	-2.09202			-1.633125924
1.7325	-2.02652			-1.588161754
1.7375	-1.96385			-1.545105394
1.7425	-1.90387			-1.50385653
1.7475	-1.84647			-1.46431878
1.7525	-1.79153			-1.426399852
1.7575	-1.73892			-1.390011652
1.7625	-1.68854			-1.355070368
1.7675	-1.64028			-1.321496515
1.7725	-1.59402			-1.289214936
1.7775	-1.54968			-1.258154772
1.7825	-1.50714			-1.228249401
1.7875	-1.46631			-1.199436334
1.7925	-1.4271			-1.171657103
1.7975	-1.38943			-1.144857106
1.8025	-1.35321			-1.118985453
1.8075	-1.31836			-1.093994783
1.8125	-1.28481			-1.069841077
1.8175	-1.25249			-1.046483467
1.8225	-1.22133			-1.023884034
1.8275	-1.19128			-1.002007614
1.8325	-1.16227			-0.980821602
1.8375	-1.13426			-0.960295761
1.8425	-1.10719			-0.940402037
1.8475	-1.08102			-0.921114381
1.8525	-1.0557			-0.902408586
1.8575	-1.0312			-0.884262121
1.8625	-1.00748			-0.866653987
1.8675	-0.984502			-0.849564575
1.8725	-0.962239			-0.832975543
1.8775	-0.94066			-0.816869687
1.8825	-0.919738			-0.801230843
1.8875	-0.899449			-0.786043782
1.8925	-0.879768			-0.77129412
1.8975	-0.860676			-0.756968234
1.9025	-0.84215			-0.743053196
1.9075	-0.824172			-0.729536697
1.9125	-0.806725			-0.716406994
1.9175	-0.789791			-0.703652854
1.9225	-0.773354			-0.691263508
1.9275	-0.7574			-0.679228608
1.9325	-0.741914			-0.667538191
1.9375	-0.726883			-0.656182648
1.9425	-0.712293			-0.64515269
1.9475	-0.698133			-0.634439329
1.9525	-0.68439			-0.624033852
1.9575	-0.671053			-0.613927803
1.9625	-0.65811			-0.604112967
1.9675	-0.645551			-0.594581353
1.9725	-0.633366			-0.585325185
1.9775	-0.621543			-0.576336886
1.9825	-0.610074			-0.567609075
1.9875	-0.598949			-0.559134553
1.9925	-0.588159			-0.550906298
1.9975	-0.577693			-0.542917458
2.0025	-0.567544			-0.535161347
2.0075	-0.557702			-0.52763144
2.0125	-0.54816			-0.520321366
2.0175	-0.538908			-0.513224907
2.0225	-0.529939			-0.506335996
2.0275	-0.521244			-0.499648708
2.0325	-0.512816			-0.493157264
2.0375	-0.504647			-0.486856024
2.0425	-0.49673			-0.480739485
2.0475	-0.489056			-0.474802283
2.0525	-0.48162			-0.469039183
2.0575	-0.474415			-0.463445083
2.0625	-0.467432			-0.458015013
2.0675	-0.460666			-0.452744125
2.0725	-0.45411			-0.447627701
2.0775	-0.447758			-0.442661141
2.0825	-0.441604			-0.437839971
2.0875	-0.435641			-0.433159833
2.0925	-0.429864			-0.428616485
2.0975	-0.424267			-0.424205803
2.1025	-0.418844			-0.419923774
2.1075	-0.41359			-0.415766494
2.1125	-0.408499			-0.41173017
2.1175	-0.403567			-0.407811115
2.1225	-0.398788			-0.404005746
2.1275	-0.394158			-0.40031058
2.1325	-0.389671			-0.396722237
2.1375	-0.385324			-0.393237434
2.1425	-0.381111			-0.389852982
2.1475	-0.377029			-0.386565787
2.1525	-0.373073			-0.383372845
2.1575	-0.369239			-0.380271243
2.1625	-0.365523			-0.377258153
2.1675	-0.361922			-0.374330833
2.1725	-0.358431			-0.371486623
2.1775	-0.355046			-0.368722944
2.1825	-0.351766			-0.366037296
2.1875	-0.348585			-0.363427255
2.1925	-0.345501			-0.36089047
2.1975	-0.342511			-0.358424666
2.2025	-0.339611			-0.356027635
2.2075	-0.336799			-0.35369724
2.2125	-0.334071			-0.351431409
2.2175	-0.331425			-0.349228136
2.2225	-0.328858			-0.347085476
2.2275	-0.326368			-0.345001548
2.2325	-0.323952			-0.342974527
2.2375	-0.321608			-0.34100265
2.2425	-0.319333			-0.339084205
2.2475	-0.317124			-0.337217538
2.2525	-0.314981			-0.335401045
2.2575	-0.3129			-0.333633175
2.2625	-0.310879			-0.331912426
2.2675	-0.308917			-0.330237343
2.2725	-0.307012			-0.328606519
2.2775	-0.305162			-0.32701859
2.2825	-0.303364			-0.325472239
2.2875	-0.301618			-0.323966187
2.2925	-0.299921			-0.3224992
2.2975	-0.298273			-0.321070081
2.3025	-0.29667			-0.319677673
2.3075	-0.295113			-0.318320855
2.3125	-0.293599			-0.316998542
2.3175	-0.292126			-0.315709686
2.3225	-0.290695			-0.314453271
2.3275	-0.289303			-0.313228312
2.3325	-0.287949			-0.31203386
2.3375	-0.286631			-0.310868992
2.3425	-0.28535			-0.309732819
2.3475	-0.284102			-0.308624476
2.3525	-0.282889			-0.307543129
2.3575	-0.281707			-0.30648797
2.3625	-0.280557			-0.305458216
2.3675	-0.279437			-0.304453111
2.3725	-0.278346			-0.303471921
2.3775	-0.277284			-0.302513937
2.3825	-0.276249			-0.301578472
2.3875	-0.275241			-0.300664861
2.3925	-0.274259			-0.299772461
2.3975	-0.273301			-0.298900648
2.4025	-0.272368			-0.298048819
2.4075	-0.271458			-0.297216389
2.4125	-0.270571			-0.296402794
2.4175	-0.269706			-0.295607485
2.4225	-0.268862			-0.294829933
2.4275	-0.268039			-0.294069622
2.4325	-0.267236			-0.293326057
2.4375	-0.266452			-0.292598754
2.4425	-0.265687			-0.291887249
2.4475	-0.26494			-0.291191087
2.4525	-0.264211			-0.290509833
2.4575	-0.263499			-0.289843061
2.4625	-0.262804			-0.289190361
2.4675	-0.262125			-0.288551334
2.4725	-0.261461			-0.287925595
2.4775	-0.260813			-0.287312771
2.4825	-0.260179			-0.286712498
2.4875	-0.259559			-0.286124425
2.4925	-0.258954			-0.285548214
2.4975	-0.258362			-0.284983533
2.5025	-0.257782			-0.284430064
2.5075	-0.257216			-0.283887496
2.5125	-0.256662			-0.283355528
2.5175	-0.256119			-0.282833871
2.5225	-0.255589			-0.28232224
2.5275	-0.255069			-0.281820363
2.5325	-0.254561			-0.281327974
2.5375	-0.254062			-0.280844815
2.5425	-0.253575			-0.280370636
2.5475	-0.253097			-0.279905195
2.5525	-0.252629			-0.279448257
2.5575	-0.25217			-0.278999594
2.5625	-0.251721			-0.278558984
2.5675	-0.25128			-0.278126212
2.5725	-0.250848			-0.277701071
2.5775	-0.250425			-0.277283357
2.5825	-0.25001			-0.276872875
2.5875	-0.249602			-0.276469434
2.5925	-0.249203			-0.276072849
2.5975	-0.24881			-0.27568294
2.6025	-0.248426			-0.275299533
2.6075	-0.248048			-0.274922459
2.6125	-0.247677			-0.274551552
2.6175	-0.247313			-0.274186653
2.6225	-0.246955			-0.273827608
2.6275	-0.246604			-0.273474264
2.6325	-0.246259			-0.273126476
2.6375	-0.24592			-0.272784102
2.6425	-0.245587			-0.272447002
2.6475	-0.245259			-0.272115043
2.6525	-0.244937			-0.271788094
2.6575	-0.244621			-0.271466029
2.6625	-0.244309			-0.271148723
2.6675	-0.244003			-0.270836056
2.6725	-0.243702			-0.270527913
2.6775	-0.243405			-0.270224179
2.6825	-0.243114			-0.269924744
2.6875	-0.242827			-0.269629501
2.6925	-0.242544			-0.269338346
2.6975	-0.242266			-0.269051177
2.7025	-0.241992			-0.268767894
2.7075	-0.241722			-0.268488403
2.7125	-0.241456			-0.26821261
2.7175	-0.241194			-0.267940423
2.7225	-0.240936			-0.267671754
2.7275	-0.240682			-0.267406517
2.7325	-0.240431			-0.267144628
2.7375	-0.240184			-0.266886006
2.7425	-0.23994			-0.266630569
2.7475	-0.2397			-0.266378242
2.7525	-0.239463			-0.266128949
2.7575	-0.239229			-0.265882616
2.7625	-0.238998			-0.265639172
2.7675	-0.23877			-0.265398547
2.7725	-0.238546			-0.265160673
2.7775	-0.238324			-0.264925484
2.7825	-0.238105			-0.264692915
2.7875	-0.237888			-0.264462904
2.7925	-0.237675			-0.26423539
2.7975	-0.237464			-0.264010313
2.8025	-0.237255			-0.263787614
2.8075	-0.237049			-0.263567237
2.8125	-0.236846			-0.263349127
2.8175	-0.236644			-0.263133229
2.8225	-0.236446			-0.262919492
2.8275	-0.236249			-0.262707864
2.8325	-0.236055			-0.262498295
2.8375	-0.235862			-0.262290736
2.8425	-0.235672			-0.26208514
2.8475	-0.235484			-0.261881461
2.8525	-0.235298			-0.261679652
2.8575	-0.235114			-0.26147967
2.8625	-0.234931			-0.261281473
2.8675	-0.234751			-0.261085016
2.8725	-0.234572			-0.260890261
2.8775	-0.234395			-0.260697167
2.8825	-0.23422			-0.260505694
2.8875	-0.234047			-0.260315804
2.8925	-0.233875			-0.260127461
2.8975	-0.233704			-0.259940628
2.9025	-0.233536			-0.259755269
2.9075	-0.233369			-0.259571349
2.9125	-0.233203			-0.259388836
2.9175	-0.233039			-0.259207695
2.9225	-0.232876			-0.259027894
2.9275	-0.232715			-0.258849403
2.9325	-0.232554			-0.258672189
2.9375	-0.232396			-0.258496224
2.9425	-0.232238			-0.258321477
2.9475	-0.232082			-0.25814792
2.9525	-0.231927			-0.257975525
2.9575	-0.231773			-0.257804264
2.9625	-0.231621			-0.257634111
2.9675	-0.231469			-0.257465039
2.9725	-0.231319			-0.257297023
2.9775	-0.23117			-0.257130038
2.9825	-0.231022			-0.256964059
2.9875	-0.230875			-0.256799063
2.9925	-0.230729			-0.256635025
2.9975	-0.230584			-0.256471924
3.0025	-0.230439			-0.256309737
3.0075	-0.230296			-0.256148442
3.0125	-0.230154			-0.255988018
3.0175	-0.230013			-0.255828443
3.0225	-0.229872			-0.255669699
3.0275	-0.229732			-0.255511763
3.0325	-0.229594			-0.255354618
3.0375	-0.229456			-0.255198244
3.0425	-0.229319			-0.255042622
3.0475	-0.229182			-0.254887734
3.0525	-0.229047			-0.254733563
3.0575	-0.228912			-0.254580091
3.0625	-0.228778			-0.2544273
3.0675	-0.228644			-0.254275174
3.0725	-0.228511			-0.254123697
3.0775	-0.228379			-0.253972853
3.0825	-0.228248			-0.253822627
3.0875	-0.228117			-0.253673002
3.0925	-0.227987			-0.253523964
3.0975	-0.227857			-0.253375499
3.1025	-0.227728			-0.253227591
3.1075	-0.2276			-0.253080228
3.1125	-0.227472			-0.252933395
3.1175	-0.227345			-0.25278708
3.1225	-0.227218			-0.252641268
3.1275	-0.227092			-0.252495947
3.1325	-0.226967			-0.252351105
3.1375	-0.226841			-0.25220673
3.1425	-0.226717			-0.252062808
3.1475	-0.226593			-0.25191933
3.1525	-0.226469			-0.251776282
3.1575	-0.226346			-0.251633655
3.1625	-0.226223			-0.251491436
3.1675	-0.2261			-0.251349616
3.1725	-0.225978			-0.251208183
3.1775	-0.225857			-0.251067128
3.1825	-0.225736			-0.25092644
3.1875	-0.225615			-0.25078611
3.1925	-0.225494			-0.250646128
3.1975	-0.225374			-0.250506484
3.2025	-0.225255			-0.250367169
3.2075	-0.225135			-0.250228175
3.2125	-0.225017			-0.250089492
3.2175	-0.224898			-0.249951112
3.2225	-0.22478			-0.249813026
3.2275	-0.224662			-0.249675227
3.2325	-0.224544			-0.249537705
3.2375	-0.224426			-0.249400454
3.2425	-0.224309			-0.249263465
3.2475	-0.224193			-0.249126732
3.2525	-0.224076			-0.248990245
3.2575	-0.22396			-0.248853999
3.2625	-0.223844			-0.248717987
3.2675	-0.223728			-0.248582201
3.2725	-0.223612			-0.248446634
3.2775	-0.223497			-0.248311281
3.2825	-0.223382			-0.248176134
3.2875	-0.223267			-0.248041188
3.2925	-0.223153			-0.247906436
3.2975	-0.223038			-0.247771872
3.3025	-0.222924			-0.24763749
3.3075	-0.22281			-0.247503285
3.3125	-0.222697			-0.247369251
3.3175	-0.222583			-0.247235382
3.3225	-0.22247			-0.247101674
3.3275	-0.222356			-0.24696812
3.3325	-0.222243			-0.246834716
3.3375	-0.22213			-0.246701457
3.3425	-0.222018			-0.246568337
3.3475	-0.221905			-0.246435353
3.3525	-0.221793			-0.246302499
3.3575	-0.221681			-0.246169771
3.3625	-0.221568			-0.246037165
3.3675	-0.221457			-0.245904675
3.3725	-0.221345			-0.245772299
3.3775	-0.221233			-0.245640031
3.3825	-0.221121			-0.245507868
3.3875	-0.22101			-0.245375806
3.3925	-0.220899			-0.245243841
3.3975	-0.220788			-0.245111969
3.4025	-0.220676			-0.244980186
3.4075	-0.220565			-0.24484849
3.4125	-0.220455			-0.244716876
3.4175	-0.220344			-0.244585342
3.4225	-0.220233			-0.244453883
3.4275	-0.220123			-0.244322497
3.4325	-0.220012			-0.244191181
3.4375	-0.219902			-0.244059931
3.4425	-0.219791			-0.243928745
3.4475	-0.219681			-0.243797619
3.4525	-0.219571			-0.243666552
3.4575	-0.219461			-0.243535539
3.4625	-0.219351			-0.243404579
3.4675	-0.219241			-0.243273668
3.4725	-0.219131			-0.243142805
3.4775	-0.219021			-0.243011987
3.4825	-0.218911			-0.242881211
3.4875	-0.218802			-0.242750476
3.4925	-0.218692			-0.242619778
3.4975	-0.218583			-0.242489116
3.5025	-0.218473			-0.242358487
3.5075	-0.218364			-0.24222789
3.5125	-0.218254			-0.242097323
3.5175	-0.218145			-0.241966783
3.5225	-0.218035			-0.241836269
3.5275	-0.217926			-0.241705778
3.5325	-0.217817			-0.24157531
3.5375	-0.217708			-0.241444862
3.5425	-0.217598			-0.241314433
3.5475	-0.217489			-0.24118402
3.5525	-0.21738			-0.241053624
3.5575	-0.217271			-0.240923241
3.5625	-0.217162			-0.24079287
3.5675	-0.217053			-0.240662511
3.5725	-0.216944			-0.240532162
3.5775	-0.216835			-0.24040182
3.5825	-0.216726			-0.240271486
3.5875	-0.216617			-0.240141158
3.5925	-0.216508			-0.240010835
3.5975	-0.216399			-0.239880515
3.6025	-0.21629			-0.239750198
3.6075	-0.216181			-0.239619882
3.6125	-0.216073			-0.239489567
3.6175	-0.215964			-0.239359251
3.6225	-0.215855			-0.239228933
3.6275	-0.215746			-0.239098614
3.6325	-0.215637			-0.238968291
3.6375	-0.215528			-0.238837963
3.6425	-0.21542			-0.238707632
3.6475	-0.215311			-0.238577294
3.6525	-0.215202			-0.23844695
3.6575	-0.215093			-0.238316599
3.6625	-0.214985			-0.238186241
3.6675	-0.214876			-0.238055874
3.6725	-0.214767			-0.237925499
3.6775	-0.214658			-0.237795114
3.6825	-0.214549			-0.237664719
3.6875	-0.214441			-0.237534314
3.6925	-0.214332			-0.237403898
3.6975	-0.214223			-0.237273471
3.7025	-0.214114			-0.237143032
3.7075	-0.214006			-0.237012581
3.7125	-0.213897			-0.236882118
3.7175	-0.213788			-0.236751642
3.7225	-0.213679			-0.236621153
3.7275	-0.213571			-0.236490651
3.7325	-0.213462			-0.236360135
3.7375	-0.213353			-0.236229605
3.7425	-0.213244			-0.236099062
3.7475	-0.213135			-0.235968505
3.7525	-0.213027			-0.235837933
3.7575	-0.212918			-0.235707347
3.7625	-0.212809			-0.235576747
3.7675	-0.2127			-0.235446132
3.7725	-0.212591			-0.235315502
3.7775	-0.212482			-0.235184858
3.7825	-0.212374			-0.235054199
3.7875	-0.212265			-0.234923526
3.7925	-0.212156			-0.234792838
3.7975	-0.212047			-0.234662135
3.8025	-0.211938			-0.234531418
3.8075	-0.211829			-0.234400687
3.8125	-0.21172			-0.234269941
3.8175	-0.211611			-0.234139181
3.8225	-0.211503			-0.234008406
3.8275	-0.211394			-0.233877618
3.8325	-0.211285			-0.233746816
3.8375	-0.211176			-0.233616001
3.8425	-0.211067			-0.233485172
3.8475	-0.210958			-0.233354329
3.8525	-0.210849			-0.233223474
3.8575	-0.21074			-0.233092606
3.8625	-0.210631			-0.232961726
3.8675	-0.210522			-0.232830833
3.8725	-0.210413			-0.232699928
3.8775	-0.210304			-0.232569012
3.8825	-0.210195			-0.232438084
3.8875	-0.210086			-0.232307145
3.8925	-0.209977			-0.232176195
3.8975	-0.209868			-0.232045235
3.9025	-0.209759			-0.231914265
3.9075	-0.20965			-0.231783286
3.9125	-0.209541			-0.231652297
3.9175	-0.209432			-0.231521299
3.9225	-0.209323			-0.231390292
3.9275	-0.209214			-0.231259277
3.9325	-0.209105			-0.231128255
3.9375	-0.208996			-0.230997225
3.9425	-0.208886			-0.230866189
3.9475	-0.208777			-0.230735146
3.9525	-0.208668			-0.230604097
3.9575	-0.208559			-0.230473042
3.9625	-0.20845			-0.230341983
3.9675	-0.208341			-0.230210918
3.9725	-0.208232			-0.23007985
3.9775	-0.208123			-0.229948778
3.9825	-0.208014			-0.229817703
3.9875	-0.207905			-0.229686625
3.9925	-0.207795			-0.229555545
3.9975	-0.207686			-0.229424464
4.0025	-0.207577			-0.229293381
4.0075	-0.207468			-0.229162298
4.0125	-0.207359			-0.229031215
4.0175	-0.20725			-0.228900132
4.0225	-0.207141			-0.22876905
4.0275	-0.207031			-0.22863797
4.0325	-0.206922			-0.228506892
4.0375	-0.206813			-0.228375817
4.0425	-0.206704			-0.228244745
4.0475	-0.206595			-0.228113677
4.0525	-0.206486			-0.227982613
4.0575	-0.206377			-0.227851554
4.0625	-0.206268			-0.227720501
4.0675	-0.206158			-0.227589454
4.0725	-0.206049			-0.227458414
4.0775	-0.20594			-0.227327381
4.0825	-0.205831			-0.227196356
4.0875	-0.205722			-0.22706534
4.0925	-0.205613			-0.226934332
4.0975	-0.205504			-0.226803335
4.1025	-0.205395			-0.226672347
4.1075	-0.205286			-0.226541371
4.1125	-0.205177			-0.226410406
4.1175	-0.205068			-0.226279454
4.1225	-0.204958			-0.226148514
4.1275	-0.204849			-0.226017588
4.1325	-0.20474			-0.225886676
4.1375	-0.204631			-0.225755778
4.1425	-0.204522			-0.225624896
4.1475	-0.204413			-0.225494029
4.1525	-0.204304			-0.225363179
4.1575	-0.204195			-0.225232347
4.1625	-0.204086			-0.225101532
4.1675	-0.203977			-0.224970735
4.1725	-0.203868			-0.224839958
4.1775	-0.203759			-0.2247092
4.1825	-0.203651			-0.224578463
4.1875	-0.203542			-0.224447747
4.1925	-0.203433			-0.224317052
4.1975	-0.203324			-0.224186379
4.2025	-0.203215			-0.22405573
4.2075	-0.203106			-0.223925104
4.2125	-0.202997			-0.223794502
4.2175	-0.202889			-0.223663924
4.2225	-0.20278			-0.223533373
4.2275	-0.202671			-0.223402847
4.2325	-0.202562			-0.223272348
4.2375	-0.202453			-0.223141876
4.2425	-0.202345			-0.223011433
4.2475	-0.202236			-0.222881018
4.2525	-0.202127			-0.222750632
4.2575	-0.202019			-0.222620276
4.2625	-0.20191			-0.222489951
4.2675	-0.201801			-0.222359657
4.2725	-0.201693			-0.222229394
4.2775	-0.201584			-0.222099164
4.2825	-0.201476			-0.221968967
4.2875	-0.201367			-0.221838804
4.2925	-0.201259			-0.221708675
4.2975	-0.20115			-0.221578581
4.3025	-0.201042			-0.221448522
4.3075	-0.200933			-0.2213185
4.3125	-0.200825			-0.221188515
4.3175	-0.200717			-0.221058567
4.3225	-0.200608			-0.220928657
4.3275	-0.2005			-0.220798785
4.3325	-0.200392			-0.220668953
4.3375	-0.200283			-0.220539161
4.3425	-0.200175			-0.22040941
4.3475	-0.200067			-0.220279699
4.3525	-0.199959			-0.220150031
4.3575	-0.199851			-0.220020404
4.3625	-0.199743			-0.219890821
4.3675	-0.199635			-0.219761281
4.3725	-0.199526			-0.219631786
4.3775	-0.199419			-0.219502335
4.3825	-0.199311			-0.219372929
4.3875	-0.199203			-0.21924357
4.3925	-0.199095			-0.219114257
4.3975	-0.198987			-0.218984991
4.4025	-0.198879			-0.218855774
4.4075	-0.198771			-0.218726604
4.4125	-0.198663			-0.218597483
4.4175	-0.198556			-0.218468412
4.4225	-0.198448			-0.218339391
4.4275	-0.19834			-0.218210421
4.4325	-0.198233			-0.218081502
4.4375	-0.198125			-0.217952635
4.4425	-0.198018			-0.21782382
4.4475	-0.19791			-0.217695058
4.4525	-0.197803			-0.21756635
4.4575	-0.197695			-0.217437696
4.4625	-0.197588			-0.217309096
4.4675	-0.197481			-0.217180552
4.4725	-0.197373			-0.217052063
4.4775	-0.197266			-0.216923631
4.4825	-0.197159			-0.216795256
4.4875	-0.197052			-0.216666938
4.4925	-0.196945			-0.216538679
4.4975	-0.196838			-0.216410477
4.5025	-0.196731			-0.216282335
4.5075	-0.196624			-0.216154253
4.5125	-0.196517			-0.21602623
4.5175	-0.19641			-0.215898269
4.5225	-0.196303			-0.215770368
4.5275	-0.196196			-0.21564253
4.5325	-0.196089			-0.215514753
4.5375	-0.195983			-0.21538704
4.5425	-0.195876			-0.215259389
4.5475	-0.195769			-0.215131803
4.5525	-0.195663			-0.215004281
4.5575	-0.195556			-0.214876823
4.5625	-0.19545			-0.214749431
4.5675	-0.195343			-0.214622105
4.5725	-0.195237			-0.214494846
4.5775	-0.195131			-0.214367653
4.5825	-0.195025			-0.214240527
4.5875	-0.194918			-0.21411347
4.5925	-0.194812			-0.21398648
4.5975	-0.194706			-0.21385956
4.6025	-0.1946			-0.213732709
4.6075	-0.194494			-0.213605927
4.6125	-0.194388			-0.213479216
4.6175	-0.194282			-0.213352576
4.6225	-0.194176			-0.213226007
4.6275	-0.194071			-0.213099509
4.6325	-0.193965			-0.212973084
4.6375	-0.193859			-0.212846731
4.6425	-0.193754			-0.212720451
4.6475	-0.193648			-0.212594245
4.6525	-0.193543			-0.212468113
4.6575	-0.193437			-0.212342055
4.6625	-0.193332			-0.212216072
4.6675	-0.193227			-0.212090164
4.6725	-0.193121			-0.211964332
4.6775	-0.193016			-0.211838577
4.6825	-0.192911			-0.211712898
4.6875	-0.192806			-0.211587295
4.6925	-0.192701			-0.211461771
4.6975	-0.192596			-0.211336324
4.7025	-0.192491			-0.211210956
4.7075	-0.192386			-0.211085666
4.7125	-0.192281			-0.210960456
4.7175	-0.192177			-0.210835325
4.7225	-0.192072			-0.210710274
4.7275	-0.191968			-0.210585303
4.7325	-0.191863			-0.210460413
4.7375	-0.191759			-0.210335605
4.7425	-0.191654			-0.210210878
4.7475	-0.19155			-0.210086233
4.7525	-0.191446			-0.20996167
4.7575	-0.191341			-0.20983719
4.7625	-0.191237			-0.209712793
4.7675	-0.191133			-0.20958848
4.7725	-0.191029			-0.20946425
4.7775	-0.190925			-0.209340105
4.7825	-0.190821			-0.209216045
4.7875	-0.190718			-0.209092069
4.7925	-0.190614			-0.208968179
4.7975	-0.19051			-0.208844375
4.8025	-0.190406			-0.208720656
4.8075	-0.190303			-0.208597025
4.8125	-0.190199			-0.20847348
4.8175	-0.190096			-0.208350022
4.8225	-0.189993			-0.208226651
4.8275	-0.189889			-0.208103369
4.8325	-0.189786			-0.207980175
4.8375	-0.189683			-0.207857069
4.8425	-0.18958			-0.207734052
4.8475	-0.189477			-0.207611124
4.8525	-0.189374			-0.207488286
4.8575	-0.189271			-0.207365538
4.8625	-0.189169			-0.20724288
4.8675	-0.189066			-0.207120312
4.8725	-0.188963			-0.206997836
4.8775	-0.188861			-0.20687545
4.8825	-0.188758			-0.206753156
4.8875	-0.188656			-0.206630954
4.8925	-0.188553			-0.206508843
4.8975	-0.188451			-0.206386826
4.9025	-0.188349			-0.2062649
4.9075	-0.188247			-0.206143068
4.9125	-0.188145			-0.206021329
4.9175	-0.188043			-0.205899684
4.9225	-0.187941			-0.205778132
4.9275	-0.187839			-0.205656675
4.9325	-0.187737			-0.205535312
4.9375	-0.187636			-0.205414044
4.9425	-0.187534			-0.20529287
4.9475	-0.187433			-0.205171793
4.9525	-0.187331			-0.20505081
4.9575	-0.18723			-0.204929923
4.9625	-0.187128			-0.204809133
4.9675	-0.187027			-0.204688439
4.9725	-0.186926			-0.204567841
4.9775	-0.186825			-0.20444734
4.9825	-0.186724			-0.204326937
4.9875	-0.186623			-0.204206631
4.9925	-0.186522			-0.204086422
4.9975	-0.186421			-0.203966311
5.0025	-0.186321			-0.203846299
5.0075	-0.18622			-0.203726384
5.0125	-0.18612			-0.203606569
5.0175	-0.186019			-0.203486852
5.0225	-0.185919			-0.203367234
5.0275	-0.185819			-0.203247716
5.0325	-0.185718			-0.203128297
5.0375	-0.185618			-0.203008978
5.0425	-0.185518			-0.202889759
5.0475	-0.185418			-0.20277064
5.0525	-0.185318			-0.202651622
5.0575	-0.185218			-0.202532704
5.0625	-0.185119			-0.202413887
5.0675	-0.185019			-0.202295172
5.0725	-0.18492			-0.202176557
5.0775	-0.18482			-0.202058044
5.0825	-0.184721			-0.201939633
5.0875	-0.184621			-0.201821324
5.0925	-0.184522			-0.201703117
5.0975	-0.184423			-0.201585012
5.1025	-0.184324			-0.20146701
5.1075	-0.184225			-0.20134911
5.1125	-0.184126			-0.201231313
5.1175	-0.184027			-0.20111362
5.1225	-0.183928			-0.200996029
5.1275	-0.18383			-0.200878542
5.1325	-0.183731			-0.200761159
5.1375	-0.183633			-0.20064388
5.1425	-0.183534			-0.200526704
5.1475	-0.183436			-0.200409633
5.1525	-0.183338			-0.200292666
5.1575	-0.183239			-0.200175804
5.1625	-0.183141			-0.200059046
5.1675	-0.183043			-0.199942393
5.1725	-0.182945			-0.199825846
5.1775	-0.182848			-0.199709403
5.1825	-0.18275			-0.199593066
5.1875	-0.182652			-0.199476834
5.1925	-0.182555			-0.199360708
5.1975	-0.182457			-0.199244687
5.2025	-0.18236			-0.199128773
5.2075	-0.182262			-0.199012965
5.2125	-0.182165			-0.198897262
5.2175	-0.182068			-0.198781667
5.2225	-0.181971			-0.198666178
5.2275	-0.181874			-0.198550795
5.2325	-0.181777			-0.198435519
5.2375	-0.18168			-0.198320351
5.2425	-0.181584			-0.198205289
5.2475	-0.181487			-0.198090335
5.2525	-0.18139			-0.197975488
5.2575	-0.181294			-0.197860748
5.2625	-0.181198			-0.197746116
5.2675	-0.181101			-0.197631592
5.2725	-0.181005			-0.197517175
5.2775	-0.180909			-0.197402867
5.2825	-0.180813			-0.197288666
5.2875	-0.180717			-0.197174574
5.2925	-0.180621			-0.19706059
5.2975	-0.180525			-0.196946714
5.3025	-0.18043			-0.196832947
5.3075	-0.180334			-0.196719289
5.3125	-0.180239			-0.196605739
5.3175	-0.180143			-0.196492298
5.3225	-0.180048			-0.196378966
5.3275	-0.179953			-0.196265744
5.3325	-0.179857			-0.19615263
5.3375	-0.179762			-0.196039626
5.3425	-0.179667			-0.19592673
5.3475	-0.179573			-0.195813945
5.3525	-0.179478			-0.195701269
5.3575	-0.179383			-0.195588702
5.3625	-0.179288			-0.195476245
5.3675	-0.179194			-0.195363898
5.3725	-0.179099			-0.195251661
5.3775	-0.179005			-0.195139534
5.3825	-0.178911			-0.195027516
5.3875	-0.178817			-0.194915609
5.3925	-0.178723			-0.194803812
5.3975	-0.178629			-0.194692126
5.4025	-0.178535			-0.194580549
5.4075	-0.178441			-0.194469084
5.4125	-0.178347			-0.194357728
5.4175	-0.178253			-0.194246483
5.4225	-0.17816			-0.194135349
5.4275	-0.178066			-0.194024325
5.4325	-0.177973			-0.193913413
5.4375	-0.17788			-0.193802611
5.4425	-0.177787			-0.193691919
5.4475	-0.177694			-0.193581339
5.4525	-0.177601			-0.19347087
5.4575	-0.177508			-0.193360512
5.4625	-0.177415			-0.193250265
5.4675	-0.177322			-0.193140129
5.4725	-0.177229			-0.193030104
5.4775	-0.177137			-0.19292019
5.4825	-0.177044			-0.192810388
5.4875	-0.176952			-0.192700697
5.4925	-0.17686			-0.192591118
5.4975	-0.176767			-0.19248165
5.5025	-0.176675			-0.192372293
5.5075	-0.176583			-0.192263048
5.5125	-0.176491			-0.192153915
5.5175	-0.1764			-0.192044893
5.5225	-0.176308			-0.191935983
5.5275	-0.176216			-0.191827184
5.5325	-0.176125			-0.191718497
5.5375	-0.176033			-0.191609922
5.5425	-0.175942			-0.191501459
5.5475	-0.175851			-0.191393107
5.5525	-0.175759			-0.191284867
5.5575	-0.175668			-0.191176739
5.5625	-0.175577			-0.191068723
5.5675	-0.175486			-0.190960819
5.5725	-0.175395			-0.190853027
5.5775	-0.175305			-0.190745347
5.5825	-0.175214			-0.190637779
5.5875	-0.175123			-0.190530322
5.5925	-0.175033			-0.190422978
5.5975	-0.174943			-0.190315746
5.6025	-0.174852			-0.190208626
5.6075	-0.174762			-0.190101618
5.6125	-0.174672			-0.189994721
5.6175	-0.174582			-0.189887937
5.6225	-0.174492			-0.189781265
5.6275	-0.174402			-0.189674706
5.6325	-0.174313			-0.189568258
5.6375	-0.174223			-0.189461922
5.6425	-0.174133			-0.189355699
5.6475	-0.174044			-0.189249587
5.6525	-0.173955			-0.189143588
5.6575	-0.173865			-0.189037701
5.6625	-0.173776			-0.188931926
5.6675	-0.173687			-0.188826263
5.6725	-0.173598			-0.188720712
5.6775	-0.173509			-0.188615274
5.6825	-0.17342			-0.188509947
5.6875	-0.173332			-0.188404733
5.6925	-0.173243			-0.18829963
5.6975	-0.173154			-0.18819464
5.7025	-0.173066			-0.188089762
5.7075	-0.172978			-0.187984996
5.7125	-0.172889			-0.187880342
5.7175	-0.172801			-0.1877758
5.7225	-0.172713			-0.18767137
5.7275	-0.172625			-0.187567052
5.7325	-0.172537			-0.187462846
5.7375	-0.172449			-0.187358752
5.7425	-0.172362			-0.187254771
5.7475	-0.172274			-0.187150901
5.7525	-0.172186			-0.187047143
5.7575	-0.172099			-0.186943497
5.7625	-0.172012			-0.186839963
5.7675	-0.171924			-0.186736541
5.7725	-0.171837			-0.18663323
5.7775	-0.17175			-0.186530032
5.7825	-0.171663			-0.186426945
5.7875	-0.171576			-0.18632397
5.7925	-0.171489			-0.186221107
5.7975	-0.171403			-0.186118356
5.8025	-0.171316			-0.186015716
5.8075	-0.17123			-0.185913188
5.8125	-0.171143			-0.185810772
5.8175	-0.171057			-0.185708467
5.8225	-0.170971			-0.185606274
5.8275	-0.170884			-0.185504192
5.8325	-0.170798			-0.185402222
5.8375	-0.170712			-0.185300364
5.8425	-0.170626			-0.185198617
5.8475	-0.170541			-0.185096981
5.8525	-0.170455			-0.184995457
5.8575	-0.170369			-0.184894044
5.8625	-0.170284			-0.184792742
5.8675	-0.170198			-0.184691552
5.8725	-0.170113			-0.184590473
5.8775	-0.170028			-0.184489505
5.8825	-0.169943			-0.184388648
5.8875	-0.169858			-0.184287902
5.8925	-0.169773			-0.184187267
5.8975	-0.169688			-0.184086744
5.9025	-0.169603			-0.183986331
5.9075	-0.169518			-0.183886029
5.9125	-0.169434			-0.183785838
5.9175	-0.169349			-0.183685758
5.9225	-0.169265			-0.183585789
5.9275	-0.16918			-0.18348593
5.9325	-0.169096			-0.183386182
5.9375	-0.169012			-0.183286545
5.9425	-0.168928			-0.183187018
5.9475	-0.168844			-0.183087602
5.9525	-0.16876			-0.182988296
5.9575	-0.168676			-0.182889101
5.9625	-0.168593			-0.182790016
5.9675	-0.168509			-0.182691041
5.9725	-0.168425			-0.182592177
5.9775	-0.168342			-0.182493423
5.9825	-0.168259			-0.182394779
5.9875	-0.168175			-0.182296245
5.9925	-0.168092			-0.182197821
5.9975	-0.168009			-0.182099507
