Graph addvar/addexpr lines
1 1201
x node[15].vext[1](1)
0	0
0.005	-2.84551e-13
0.01	-2.29896e-13
0.015	-1.88226e-13
0.02	-1.61597e-13
0.025	-1.4467e-13
0.03	-1.33849e-13
0.035	-1.26879e-13
0.04	-1.2235e-13
0.045	-1.19382e-13
0.05	-1.17422e-13
0.055	-1.16121e-13
0.06	-1.1526e-13
0.065	-1.14698e-13
0.07	-1.14345e-13
0.075	-1.14142e-13
0.08	-1.14052e-13
0.085	-1.14047e-13
0.09	-1.1411e-13
0.095	-1.14227e-13
0.1	-1.14389e-13
0.105	-1.1459e-13
0.11	-1.14822e-13
0.115	-1.15083e-13
0.12	-1.15367e-13
0.125	-1.15672e-13
0.13	-1.15996e-13
0.135	-1.16335e-13
0.14	-1.16688e-13
0.145	-1.17054e-13
0.15	-1.17429e-13
0.155	-1.17814e-13
0.16	-1.18206e-13
0.165	-1.18605e-13
0.17	-1.1901e-13
0.175	-1.19419e-13
0.18	-1.19832e-13
0.185	-1.20249e-13
0.19	-1.20668e-13
0.195	-1.2109e-13
0.2	-1.21513e-13
0.205	-1.21937e-13
0.21	-1.22362e-13
0.215	-1.22787e-13
0.22	-1.23212e-13
0.225	-1.23637e-13
0.23	-1.24062e-13
0.235	-1.24486e-13
0.24	-1.24909e-13
0.245	-1.25331e-13
0.25	-1.25751e-13
0.255	-1.26171e-13
0.26	-1.26588e-13
0.265	-1.27005e-13
0.27	-1.27419e-13
0.275	-1.27832e-13
0.28	-1.28242e-13
0.285	-1.28651e-13
0.29	-1.29058e-13
0.295	-1.29463e-13
0.3	-1.29866e-13
0.305	-1.30266e-13
0.31	-1.30665e-13
0.315	-1.31061e-13
0.32	-1.31455e-13
0.325	-1.31847e-13
0.33	-1.32237e-13
0.335	-1.32625e-13
0.34	-1.3301e-13
0.345	-1.33394e-13
0.35	-1.33775e-13
0.355	-1.34153e-13
0.36	-1.3453e-13
0.365	-1.34904e-13
0.37	-1.35277e-13
0.375	-1.35647e-13
0.38	-1.36015e-13
0.385	-1.3638e-13
0.39	-1.36744e-13
0.395	-1.37106e-13
0.4	-1.37465e-13
0.405	-1.37822e-13
0.41	-1.38178e-13
0.415	-1.38531e-13
0.42	-1.38882e-13
0.425	-1.39231e-13
0.43	-1.39578e-13
0.435	-1.39924e-13
0.44	-1.40267e-13
0.445	-1.40608e-13
0.45	-1.40947e-13
0.455	-1.41285e-13
0.46	-1.4162e-13
0.465	-1.41954e-13
0.47	-1.42286e-13
0.475	-1.42616e-13
0.48	-1.42944e-13
0.485	-1.4327e-13
0.49	-1.43595e-13
0.495	-1.43918e-13
0.5	-1.44239e-13
0.505	-1.44558e-13
0.51	-1.44876e-13
0.515	-1.45192e-13
0.52	-1.45506e-13
0.525	-1.45819e-13
0.53	-1.4613e-13
0.535	-1.4644e-13
0.54	-1.46747e-13
0.545	-1.47054e-13
0.55	-1.47358e-13
0.555	-1.47661e-13
0.56	-1.47963e-13
0.565	-1.48263e-13
0.57	-1.48562e-13
0.575	-1.48859e-13
0.58	-1.49154e-13
0.585	-1.49449e-13
0.59	-1.49741e-13
0.595	-1.50033e-13
0.6	-1.50323e-13
0.605	-1.50611e-13
0.61	-1.50898e-13
0.615	-1.51184e-13
0.62	-1.51468e-13
0.625	-1.51752e-13
0.63	-1.52033e-13
0.635	-1.52314e-13
0.64	-1.52593e-13
0.645	-1.52871e-13
0.65	-1.53147e-13
0.655	-1.53423e-13
0.66	-1.53697e-13
0.665	-1.5397e-13
0.67	-1.54241e-13
0.675	-1.54512e-13
0.68	-1.54781e-13
0.685	-1.55049e-13
0.69	-1.55316e-13
0.695	-1.55582e-13
0.7	-1.55846e-13
0.705	-1.5611e-13
0.71	-1.56372e-13
0.715	-1.56633e-13
0.72	-1.56893e-13
0.725	-1.57152e-13
0.73	-1.5741e-13
0.735	-1.57667e-13
0.74	-1.57923e-13
0.745	-1.58178e-13
0.75	-1.58431e-13
0.755	-1.58684e-13
0.76	-1.58936e-13
0.765	-1.59186e-13
0.77	-1.59436e-13
0.775	-1.59684e-13
0.78	-1.59932e-13
0.785	-1.60178e-13
0.79	-1.60424e-13
0.795	-1.60669e-13
0.8	-1.60913e-13
0.805	-1.61155e-13
0.81	-1.61397e-13
0.815	-1.61638e-13
0.82	-1.61878e-13
0.825	-1.62117e-13
0.83	-1.62355e-13
0.835	-1.62593e-13
0.84	-1.62829e-13
0.845	-1.63064e-13
0.85	-1.63299e-13
0.855	-1.63533e-13
0.86	-1.63766e-13
0.865	-1.63998e-13
0.87	-1.64229e-13
0.875	-1.64459e-13
0.88	-1.64689e-13
0.885	-1.64918e-13
0.89	-1.65145e-13
0.895	-1.65373e-13
0.9	-1.65599e-13
0.905	-1.65824e-13
0.91	-1.66049e-13
0.915	-1.66273e-13
0.92	-1.66496e-13
0.925	-1.66718e-13
0.93	-1.6694e-13
0.935	-1.67161e-13
0.94	-1.67381e-13
0.945	-1.676e-13
0.95	-1.67819e-13
0.955	-1.68036e-13
0.96	-1.68254e-13
0.965	-1.6847e-13
0.97	-1.68686e-13
0.975	-1.68901e-13
0.98	-1.69115e-13
0.985	-1.69328e-13
0.99	-1.69541e-13
0.995	-1.69753e-13
1	-1.69965e-13
1.005	-1.70165e-13
1.01	-1.70299e-13
1.015	-1.70224e-13
1.02	-1.6967e-13
1.025	-1.68249e-13
1.03	-1.65488e-13
1.035	-1.60867e-13
1.04	-1.53859e-13
1.045	-1.4393e-13
1.05	-1.30524e-13
1.055	-1.13035e-13
1.06	-9.07762e-14
1.065	-6.29555e-14
1.07	-2.86295e-14
1.075	1.33443e-14
1.08	6.4346e-14
1.085	1.26016e-13
1.09	2.00306e-13
1.095	2.89582e-13
1.1	3.96732e-13
1.105	5.25207e-13
1.11	6.79047e-13
1.115	8.63071e-13
1.12	1.08322e-12
1.125	1.34672e-12
1.13	1.66201e-12
1.135	2.03884e-12
1.14	2.48914e-12
1.145	3.02792e-12
1.15	3.67309e-12
1.155	4.44469e-12
1.16	5.36613e-12
1.165	6.46763e-12
1.17	7.78759e-12
1.175	9.36896e-12
1.18	1.12577e-11
1.185	1.35114e-11
1.19	1.621e-11
1.195	1.94506e-11
1.2	2.33292e-11
1.205	2.79485e-11
1.21	3.34609e-11
1.215	4.00878e-11
1.22	4.80573e-11
1.225	5.75553e-11
1.23	6.88245e-11
1.235	8.23227e-11
1.24	9.86538e-11
1.245	1.18245e-10
1.25	1.41381e-10
1.255	1.68791e-10
1.26	2.01981e-10
1.265	2.4237e-10
1.27	2.90235e-10
1.275	3.46018e-10
1.28	4.12646e-10
1.285	4.94935e-10
1.29	5.94622e-10
1.295	7.09387e-10
1.3	8.41833e-10
1.305	1.00468e-09
1.31	1.21007e-09
1.315	1.45028e-09
1.32	1.71292e-09
1.325	2.01968e-09
1.33	2.41773e-09
1.335	2.91346e-09
1.34	3.42747e-09
1.345	3.92846e-09
1.35	4.52239e-09
1.355	5.27125e-09
1.36	5.85206e-09
1.365	5.46584e-09
1.37	3.46928e-09
1.375	-4.19449e-10
1.38	-5.96323e-09
1.385	-1.12742e-08
1.39	-1.36904e-08
1.395	-1.32945e-08
1.4	-1.14598e-08
1.405	-8.90423e-09
1.41	-6.36826e-09
1.415	-4.64379e-09
1.42	-3.72577e-09
1.425	-3.17548e-09
1.43	-2.70141e-09
1.435	-2.26133e-09
1.44	-1.92862e-09
1.445	-1.71477e-09
1.45	-1.56953e-09
1.455	-1.446e-09
1.46	-1.33045e-09
1.465	-1.23091e-09
1.47	-1.15122e-09
1.475	-1.08551e-09
1.48	-1.02586e-09
1.485	-9.68712e-10
1.49	-9.14656e-10
1.495	-8.64574e-10
1.5	-8.17879e-10
1.505	-7.73251e-10
1.51	-7.29887e-10
1.515	-6.87782e-10
1.52	-6.47171e-10
1.525	-6.08093e-10
1.53	-5.70401e-10
1.535	-5.33984e-10
1.54	-4.9887e-10
1.545	-4.65163e-10
1.55	-4.32945e-10
1.555	-4.02245e-10
1.56	-3.73078e-10
1.565	-3.45472e-10
1.57	-3.19463e-10
1.575	-2.95076e-10
1.58	-2.72315e-10
1.585	-2.51167e-10
1.59	-2.31609e-10
1.595	-2.13609e-10
1.6	-1.97127e-10
1.605	-1.82109e-10
1.61	-1.68492e-10
1.615	-1.56206e-10
1.62	-1.45175e-10
1.625	-1.3532e-10
1.63	-1.26559e-10
1.635	-1.18808e-10
1.64	-1.11985e-10
1.645	-1.06009e-10
1.65	-1.00804e-10
1.655	-9.62962e-11
1.66	-9.24167e-11
1.665	-8.91026e-11
1.67	-8.62959e-11
1.675	-8.39444e-11
1.68	-8.20013e-11
1.685	-8.0425e-11
1.69	-7.91787e-11
1.695	-7.82299e-11
1.7	-7.75503e-11
1.705	-7.71145e-11
1.71	-7.69004e-11
1.715	-7.68879e-11
1.72	-7.70591e-11
1.725	-7.73974e-11
1.73	-7.78875e-11
1.735	-7.85147e-11
1.74	-7.92651e-11
1.745	-8.01252e-11
1.75	-8.10819e-11
1.755	-8.21223e-11
1.76	-8.32339e-11
1.765	-8.44041e-11
1.77	-8.5621e-11
1.775	-8.68729e-11
1.78	-8.81485e-11
1.785	-8.9437e-11
1.79	-9.07282e-11
1.795	-9.20125e-11
1.8	-9.32812e-11
1.805	-9.45261e-11
1.81	-9.574e-11
1.815	-9.69162e-11
1.82	-9.80493e-11
1.825	-9.91344e-11
1.83	-1.00167e-10
1.835	-1.01145e-10
1.84	-1.02065e-10
1.845	-1.02926e-10
1.85	-1.03726e-10
1.855	-1.04465e-10
1.86	-1.05142e-10
1.865	-1.0576e-10
1.87	-1.06317e-10
1.875	-1.06816e-10
1.88	-1.07259e-10
1.885	-1.07646e-10
1.89	-1.07981e-10
1.895	-1.08266e-10
1.9	-1.08502e-10
1.905	-1.08693e-10
1.91	-1.08841e-10
1.915	-1.08947e-10
1.92	-1.09016e-10
1.925	-1.09049e-10
1.93	-1.09049e-10
1.935	-1.09019e-10
1.94	-1.08959e-10
1.945	-1.08873e-10
1.95	-1.08763e-10
1.955	-1.08631e-10
1.96	-1.08478e-10
1.965	-1.08307e-10
1.97	-1.08119e-10
1.975	-1.07915e-10
1.98	-1.07698e-10
1.985	-1.07468e-10
1.99	-1.07227e-10
1.995	-1.06975e-10
2	-1.06715e-10
2.005	-1.06447e-10
2.01	-1.06171e-10
2.015	-1.05889e-10
2.02	-1.05602e-10
2.025	-1.0531e-10
2.03	-1.05014e-10
2.035	-1.04714e-10
2.04	-1.0441e-10
2.045	-1.04104e-10
2.05	-1.03796e-10
2.055	-1.03486e-10
2.06	-1.03174e-10
2.065	-1.02861e-10
2.07	-1.02547e-10
2.075	-1.02232e-10
2.08	-1.01917e-10
2.085	-1.01601e-10
2.09	-1.01284e-10
2.095	-1.00968e-10
2.1	-1.00652e-10
2.105	-1.00335e-10
2.11	-1.00019e-10
2.115	-9.97036e-11
2.12	-9.93882e-11
2.125	-9.90733e-11
2.13	-9.87588e-11
2.135	-9.84449e-11
2.14	-9.81316e-11
2.145	-9.78189e-11
2.15	-9.75068e-11
2.155	-9.71954e-11
2.16	-9.68847e-11
2.165	-9.65748e-11
2.17	-9.62656e-11
2.175	-9.59572e-11
2.18	-9.56496e-11
2.185	-9.53428e-11
2.19	-9.50369e-11
2.195	-9.47317e-11
2.2	-9.44275e-11
2.205	-9.41241e-11
2.21	-9.38216e-11
2.215	-9.352e-11
2.22	-9.32193e-11
2.225	-9.29195e-11
2.23	-9.26206e-11
2.235	-9.23227e-11
2.24	-9.20258e-11
2.245	-9.17298e-11
2.25	-9.14348e-11
2.255	-9.11408e-11
2.26	-9.08478e-11
2.265	-9.05558e-11
2.27	-9.02649e-11
2.275	-8.9975e-11
2.28	-8.96862e-11
2.285	-8.93984e-11
2.29	-8.91117e-11
2.295	-8.88261e-11
2.3	-8.85415e-11
2.305	-8.82581e-11
2.31	-8.79758e-11
2.315	-8.76947e-11
2.32	-8.74147e-11
2.325	-8.71358e-11
2.33	-8.68581e-11
2.335	-8.65815e-11
2.34	-8.63062e-11
2.345	-8.6032e-11
2.35	-8.5759e-11
2.355	-8.54872e-11
2.36	-8.52167e-11
2.365	-8.49473e-11
2.37	-8.46792e-11
2.375	-8.44123e-11
2.38	-8.41466e-11
2.385	-8.38822e-11
2.39	-8.3619e-11
2.395	-8.33571e-11
2.4	-8.30964e-11
2.405	-8.2837e-11
2.41	-8.25788e-11
2.415	-8.23219e-11
2.42	-8.20663e-11
2.425	-8.18119e-11
2.43	-8.15589e-11
2.435	-8.13071e-11
2.44	-8.10565e-11
2.445	-8.08073e-11
2.45	-8.05593e-11
2.455	-8.03126e-11
2.46	-8.00672e-11
2.465	-7.98231e-11
2.47	-7.95802e-11
2.475	-7.93386e-11
2.48	-7.90983e-11
2.485	-7.88593e-11
2.49	-7.86215e-11
2.495	-7.8385e-11
2.5	-7.81498e-11
2.505	-7.79158e-11
2.51	-7.76831e-11
2.515	-7.74517e-11
2.52	-7.72215e-11
2.525	-7.69925e-11
2.53	-7.67648e-11
2.535	-7.65384e-11
2.54	-7.63132e-11
2.545	-7.60892e-11
2.55	-7.58665e-11
2.555	-7.56449e-11
2.56	-7.54247e-11
2.565	-7.52056e-11
2.57	-7.49877e-11
2.575	-7.4771e-11
2.58	-7.45556e-11
2.585	-7.43413e-11
2.59	-7.41282e-11
2.595	-7.39163e-11
2.6	-7.37056e-11
2.605	-7.34961e-11
2.61	-7.32877e-11
2.615	-7.30805e-11
2.62	-7.28744e-11
2.625	-7.26694e-11
2.63	-7.24657e-11
2.635	-7.2263e-11
2.64	-7.20615e-11
2.645	-7.18611e-11
2.65	-7.16617e-11
2.655	-7.14636e-11
2.66	-7.12665e-11
2.665	-7.10704e-11
2.67	-7.08755e-11
2.675	-7.06817e-11
2.68	-7.04889e-11
2.685	-7.02972e-11
2.69	-7.01065e-11
2.695	-6.99169e-11
2.7	-6.97284e-11
2.705	-6.95408e-11
2.71	-6.93543e-11
2.715	-6.91689e-11
2.72	-6.89844e-11
2.725	-6.8801e-11
2.73	-6.86185e-11
2.735	-6.8437e-11
2.74	-6.82566e-11
2.745	-6.80771e-11
2.75	-6.78985e-11
2.755	-6.7721e-11
2.76	-6.75443e-11
2.765	-6.73687e-11
2.77	-6.7194e-11
2.775	-6.70202e-11
2.78	-6.68473e-11
2.785	-6.66754e-11
2.79	-6.65044e-11
2.795	-6.63343e-11
2.8	-6.61651e-11
2.805	-6.59968e-11
2.81	-6.58294e-11
2.815	-6.56628e-11
2.82	-6.54971e-11
2.825	-6.53323e-11
2.83	-6.51684e-11
2.835	-6.50053e-11
2.84	-6.48431e-11
2.845	-6.46817e-11
2.85	-6.45211e-11
2.855	-6.43614e-11
2.86	-6.42025e-11
2.865	-6.40444e-11
2.87	-6.38871e-11
2.875	-6.37306e-11
2.88	-6.35749e-11
2.885	-6.342e-11
2.89	-6.32659e-11
2.895	-6.31125e-11
2.9	-6.296e-11
2.905	-6.28081e-11
2.91	-6.26571e-11
2.915	-6.25068e-11
2.92	-6.23573e-11
2.925	-6.22084e-11
2.93	-6.20604e-11
2.935	-6.1913e-11
2.94	-6.17664e-11
2.945	-6.16205e-11
2.95	-6.14753e-11
2.955	-6.13308e-11
2.96	-6.1187e-11
2.965	-6.1044e-11
2.97	-6.09016e-11
2.975	-6.07598e-11
2.98	-6.06188e-11
2.985	-6.04785e-11
2.99	-6.03388e-11
2.995	-6.01997e-11
3	-6.00614e-11
3.005	-5.99236e-11
3.01	-5.97866e-11
3.015	-5.96501e-11
3.02	-5.95143e-11
3.025	-5.93792e-11
3.03	-5.92447e-11
3.035	-5.91107e-11
3.04	-5.89775e-11
3.045	-5.88448e-11
3.05	-5.87127e-11
3.055	-5.85812e-11
3.06	-5.84504e-11
3.065	-5.83201e-11
3.07	-5.81904e-11
3.075	-5.80613e-11
3.08	-5.79328e-11
3.085	-5.78048e-11
3.09	-5.76775e-11
3.095	-5.75506e-11
3.1	-5.74244e-11
3.105	-5.72987e-11
3.11	-5.71736e-11
3.115	-5.7049e-11
3.12	-5.69249e-11
3.125	-5.68014e-11
3.13	-5.66785e-11
3.135	-5.65561e-11
3.14	-5.64342e-11
3.145	-5.63128e-11
3.15	-5.61919e-11
3.155	-5.60716e-11
3.16	-5.59518e-11
3.165	-5.58324e-11
3.17	-5.57136e-11
3.175	-5.55953e-11
3.18	-5.54775e-11
3.185	-5.53602e-11
3.19	-5.52434e-11
3.195	-5.5127e-11
3.2	-5.50112e-11
3.205	-5.48958e-11
3.21	-5.47809e-11
3.215	-5.46665e-11
3.22	-5.45525e-11
3.225	-5.4439e-11
3.23	-5.4326e-11
3.235	-5.42134e-11
3.24	-5.41013e-11
3.245	-5.39896e-11
3.25	-5.38784e-11
3.255	-5.37676e-11
3.26	-5.36573e-11
3.265	-5.35474e-11
3.27	-5.34379e-11
3.275	-5.33289e-11
3.28	-5.32203e-11
3.285	-5.31121e-11
3.29	-5.30044e-11
3.295	-5.28971e-11
3.3	-5.27902e-11
3.305	-5.26837e-11
3.31	-5.25776e-11
3.315	-5.24719e-11
3.32	-5.23666e-11
3.325	-5.22618e-11
3.33	-5.21573e-11
3.335	-5.20532e-11
3.34	-5.19496e-11
3.345	-5.18463e-11
3.35	-5.17434e-11
3.355	-5.16409e-11
3.36	-5.15388e-11
3.365	-5.1437e-11
3.37	-5.13357e-11
3.375	-5.12347e-11
3.38	-5.11341e-11
3.385	-5.10338e-11
3.39	-5.0934e-11
3.395	-5.08344e-11
3.4	-5.07353e-11
3.405	-5.06365e-11
3.41	-5.05381e-11
3.415	-5.044e-11
3.42	-5.03423e-11
3.425	-5.02449e-11
3.43	-5.01479e-11
3.435	-5.00513e-11
3.44	-4.99549e-11
3.445	-4.9859e-11
3.45	-4.97633e-11
3.455	-4.9668e-11
3.46	-4.9573e-11
3.465	-4.94784e-11
3.47	-4.93841e-11
3.475	-4.92901e-11
3.48	-4.91965e-11
3.485	-4.91031e-11
3.49	-4.90101e-11
3.495	-4.89174e-11
3.5	-4.88251e-11
3.505	-4.8733e-11
3.51	-4.86413e-11
3.515	-4.85499e-11
3.52	-4.84588e-11
3.525	-4.8368e-11
3.53	-4.82775e-11
3.535	-4.81873e-11
3.54	-4.80974e-11
3.545	-4.80078e-11
3.55	-4.79185e-11
3.555	-4.78295e-11
3.56	-4.77408e-11
3.565	-4.76524e-11
3.57	-4.75643e-11
3.575	-4.74765e-11
3.58	-4.7389e-11
3.585	-4.73017e-11
3.59	-4.72147e-11
3.595	-4.71281e-11
3.6	-4.70417e-11
3.605	-4.69555e-11
3.61	-4.68697e-11
3.615	-4.67841e-11
3.62	-4.66988e-11
3.625	-4.66138e-11
3.63	-4.65291e-11
3.635	-4.64446e-11
3.64	-4.63604e-11
3.645	-4.62764e-11
3.65	-4.61928e-11
3.655	-4.61093e-11
3.66	-4.60262e-11
3.665	-4.59433e-11
3.67	-4.58607e-11
3.675	-4.57783e-11
3.68	-4.56962e-11
3.685	-4.56143e-11
3.69	-4.55327e-11
3.695	-4.54513e-11
3.7	-4.53702e-11
3.705	-4.52893e-11
3.71	-4.52087e-11
3.715	-4.51283e-11
3.72	-4.50482e-11
3.725	-4.49683e-11
3.73	-4.48887e-11
3.735	-4.48093e-11
3.74	-4.47301e-11
3.745	-4.46512e-11
3.75	-4.45725e-11
3.755	-4.4494e-11
3.76	-4.44158e-11
3.765	-4.43378e-11
3.77	-4.42601e-11
3.775	-4.41825e-11
3.78	-4.41052e-11
3.785	-4.40281e-11
3.79	-4.39513e-11
3.795	-4.38747e-11
3.8	-4.37983e-11
3.805	-4.37221e-11
3.81	-4.36461e-11
3.815	-4.35704e-11
3.82	-4.34949e-11
3.825	-4.34196e-11
3.83	-4.33445e-11
3.835	-4.32696e-11
3.84	-4.3195e-11
3.845	-4.31205e-11
3.85	-4.30463e-11
3.855	-4.29723e-11
3.86	-4.28985e-11
3.865	-4.28249e-11
3.87	-4.27515e-11
3.875	-4.26783e-11
3.88	-4.26053e-11
3.885	-4.25325e-11
3.89	-4.246e-11
3.895	-4.23876e-11
3.9	-4.23154e-11
3.905	-4.22435e-11
3.91	-4.21717e-11
3.915	-4.21001e-11
3.92	-4.20287e-11
3.925	-4.19576e-11
3.93	-4.18866e-11
3.935	-4.18158e-11
3.94	-4.17452e-11
3.945	-4.16748e-11
3.95	-4.16046e-11
3.955	-4.15346e-11
3.96	-4.14647e-11
3.965	-4.13951e-11
3.97	-4.13256e-11
3.975	-4.12564e-11
3.98	-4.11873e-11
3.985	-4.11184e-11
3.99	-4.10497e-11
3.995	-4.09811e-11
4	-4.09128e-11
4.005	-4.08446e-11
4.01	-4.07766e-11
4.015	-4.07088e-11
4.02	-4.06412e-11
4.025	-4.05737e-11
4.03	-4.05065e-11
4.035	-4.04394e-11
4.04	-4.03725e-11
4.045	-4.03057e-11
4.05	-4.02391e-11
4.055	-4.01727e-11
4.06	-4.01065e-11
4.065	-4.00404e-11
4.07	-3.99746e-11
4.075	-3.99088e-11
4.08	-3.98433e-11
4.085	-3.97779e-11
4.09	-3.97127e-11
4.095	-3.96476e-11
4.1	-3.95828e-11
4.105	-3.9518e-11
4.11	-3.94535e-11
4.115	-3.93891e-11
4.12	-3.93249e-11
4.125	-3.92608e-11
4.13	-3.91969e-11
4.135	-3.91332e-11
4.14	-3.90696e-11
4.145	-3.90062e-11
4.15	-3.89429e-11
4.155	-3.88798e-11
4.16	-3.88169e-11
4.165	-3.87541e-11
4.17	-3.86914e-11
4.175	-3.86289e-11
4.18	-3.85666e-11
4.185	-3.85044e-11
4.19	-3.84424e-11
4.195	-3.83805e-11
4.2	-3.83188e-11
4.205	-3.82573e-11
4.21	-3.81958e-11
4.215	-3.81346e-11
4.22	-3.80735e-11
4.225	-3.80125e-11
4.23	-3.79517e-11
4.235	-3.7891e-11
4.24	-3.78305e-11
4.245	-3.77701e-11
4.25	-3.77098e-11
4.255	-3.76497e-11
4.26	-3.75898e-11
4.265	-3.753e-11
4.27	-3.74703e-11
4.275	-3.74108e-11
4.28	-3.73514e-11
4.285	-3.72922e-11
4.29	-3.72331e-11
4.295	-3.71741e-11
4.3	-3.71153e-11
4.305	-3.70566e-11
4.31	-3.69981e-11
4.315	-3.69397e-11
4.32	-3.68814e-11
4.325	-3.68233e-11
4.33	-3.67653e-11
4.335	-3.67074e-11
4.34	-3.66497e-11
4.345	-3.65921e-11
4.35	-3.65346e-11
4.355	-3.64773e-11
4.36	-3.64201e-11
4.365	-3.63631e-11
4.37	-3.63061e-11
4.375	-3.62493e-11
4.38	-3.61927e-11
4.385	-3.61361e-11
4.39	-3.60797e-11
4.395	-3.60234e-11
4.4	-3.59673e-11
4.405	-3.59113e-11
4.41	-3.58554e-11
4.415	-3.57996e-11
4.42	-3.57439e-11
4.425	-3.56884e-11
4.43	-3.5633e-11
4.435	-3.55778e-11
4.44	-3.55226e-11
4.445	-3.54676e-11
4.45	-3.54127e-11
4.455	-3.53579e-11
4.46	-3.53033e-11
4.465	-3.52487e-11
4.47	-3.51943e-11
4.475	-3.514e-11
4.48	-3.50859e-11
4.485	-3.50318e-11
4.49	-3.49779e-11
4.495	-3.49241e-11
4.5	-3.48704e-11
4.505	-3.48168e-11
4.51	-3.47634e-11
4.515	-3.471e-11
4.52	-3.46568e-11
4.525	-3.46037e-11
4.53	-3.45507e-11
4.535	-3.44978e-11
4.54	-3.44451e-11
4.545	-3.43925e-11
4.55	-3.43399e-11
4.555	-3.42875e-11
4.56	-3.42352e-11
4.565	-3.4183e-11
4.57	-3.41309e-11
4.575	-3.4079e-11
4.58	-3.40271e-11
4.585	-3.39754e-11
4.59	-3.39238e-11
4.595	-3.38722e-11
4.6	-3.38208e-11
4.605	-3.37695e-11
4.61	-3.37183e-11
4.615	-3.36673e-11
4.62	-3.36163e-11
4.625	-3.35654e-11
4.63	-3.35147e-11
4.635	-3.3464e-11
4.64	-3.34135e-11
4.645	-3.3363e-11
4.65	-3.33127e-11
4.655	-3.32625e-11
4.66	-3.32124e-11
4.665	-3.31623e-11
4.67	-3.31124e-11
4.675	-3.30626e-11
4.68	-3.30129e-11
4.685	-3.29633e-11
4.69	-3.29138e-11
4.695	-3.28644e-11
4.7	-3.28151e-11
4.705	-3.2766e-11
4.71	-3.27169e-11
4.715	-3.26679e-11
4.72	-3.2619e-11
4.725	-3.25702e-11
4.73	-3.25215e-11
4.735	-3.2473e-11
4.74	-3.24245e-11
4.745	-3.23761e-11
4.75	-3.23278e-11
4.755	-3.22796e-11
4.76	-3.22315e-11
4.765	-3.21835e-11
4.77	-3.21357e-11
4.775	-3.20879e-11
4.78	-3.20402e-11
4.785	-3.19926e-11
4.79	-3.19451e-11
4.795	-3.18976e-11
4.8	-3.18503e-11
4.805	-3.18031e-11
4.81	-3.1756e-11
4.815	-3.1709e-11
4.82	-3.1662e-11
4.825	-3.16152e-11
4.83	-3.15684e-11
4.835	-3.15218e-11
4.84	-3.14752e-11
4.845	-3.14288e-11
4.85	-3.13824e-11
4.855	-3.13361e-11
4.86	-3.12899e-11
4.865	-3.12438e-11
4.87	-3.11978e-11
4.875	-3.11519e-11
4.88	-3.1106e-11
4.885	-3.10603e-11
4.89	-3.10147e-11
4.895	-3.09691e-11
4.9	-3.09236e-11
4.905	-3.08783e-11
4.91	-3.0833e-11
4.915	-3.07878e-11
4.92	-3.07427e-11
4.925	-3.06976e-11
4.93	-3.06527e-11
4.935	-3.06078e-11
4.94	-3.05631e-11
4.945	-3.05184e-11
4.95	-3.04738e-11
4.955	-3.04293e-11
4.96	-3.03849e-11
4.965	-3.03405e-11
4.97	-3.02963e-11
4.975	-3.02521e-11
4.98	-3.02081e-11
4.985	-3.01641e-11
4.99	-3.01202e-11
4.995	-3.00763e-11
5	-3.00326e-11
5.005	-2.99889e-11
5.01	-2.99454e-11
5.015	-2.99019e-11
5.02	-2.98585e-11
5.025	-2.98151e-11
5.03	-2.97719e-11
5.035	-2.97287e-11
5.04	-2.96857e-11
5.045	-2.96427e-11
5.05	-2.95997e-11
5.055	-2.95569e-11
5.06	-2.95141e-11
5.065	-2.94715e-11
5.07	-2.94289e-11
5.075	-2.93864e-11
5.08	-2.93439e-11
5.085	-2.93016e-11
5.09	-2.92593e-11
5.095	-2.92171e-11
5.1	-2.9175e-11
5.105	-2.91329e-11
5.11	-2.9091e-11
5.115	-2.90491e-11
5.12	-2.90073e-11
5.125	-2.89656e-11
5.13	-2.89239e-11
5.135	-2.88823e-11
5.14	-2.88408e-11
5.145	-2.87994e-11
5.15	-2.87581e-11
5.155	-2.87168e-11
5.16	-2.86756e-11
5.165	-2.86345e-11
5.17	-2.85934e-11
5.175	-2.85525e-11
5.18	-2.85116e-11
5.185	-2.84708e-11
5.19	-2.843e-11
5.195	-2.83893e-11
5.2	-2.83488e-11
5.205	-2.83082e-11
5.21	-2.82678e-11
5.215	-2.82274e-11
5.22	-2.81871e-11
5.225	-2.81469e-11
5.23	-2.81067e-11
5.235	-2.80666e-11
5.24	-2.80266e-11
5.245	-2.79867e-11
5.25	-2.79468e-11
5.255	-2.7907e-11
5.26	-2.78673e-11
5.265	-2.78277e-11
5.27	-2.77881e-11
5.275	-2.77486e-11
5.28	-2.77091e-11
5.285	-2.76698e-11
5.29	-2.76305e-11
5.295	-2.75912e-11
5.3	-2.75521e-11
5.305	-2.7513e-11
5.31	-2.7474e-11
5.315	-2.7435e-11
5.32	-2.73961e-11
5.325	-2.73573e-11
5.33	-2.73186e-11
5.335	-2.72799e-11
5.34	-2.72413e-11
5.345	-2.72028e-11
5.35	-2.71643e-11
5.355	-2.71259e-11
5.36	-2.70875e-11
5.365	-2.70493e-11
5.37	-2.70111e-11
5.375	-2.69729e-11
5.38	-2.69349e-11
5.385	-2.68969e-11
5.39	-2.68589e-11
5.395	-2.68211e-11
5.4	-2.67833e-11
5.405	-2.67455e-11
5.41	-2.67078e-11
5.415	-2.66702e-11
5.42	-2.66327e-11
5.425	-2.65952e-11
5.43	-2.65578e-11
5.435	-2.65205e-11
5.44	-2.64832e-11
5.445	-2.64459e-11
5.45	-2.64088e-11
5.455	-2.63717e-11
5.46	-2.63347e-11
5.465	-2.62977e-11
5.47	-2.62608e-11
5.475	-2.6224e-11
5.48	-2.61872e-11
5.485	-2.61505e-11
5.49	-2.61138e-11
5.495	-2.60773e-11
5.5	-2.60407e-11
5.505	-2.60043e-11
5.51	-2.59679e-11
5.515	-2.59315e-11
5.52	-2.58952e-11
5.525	-2.5859e-11
5.53	-2.58229e-11
5.535	-2.57868e-11
5.54	-2.57508e-11
5.545	-2.57148e-11
5.55	-2.56789e-11
5.555	-2.5643e-11
5.56	-2.56072e-11
5.565	-2.55715e-11
5.57	-2.55358e-11
5.575	-2.55002e-11
5.58	-2.54647e-11
5.585	-2.54292e-11
5.59	-2.53938e-11
5.595	-2.53584e-11
5.6	-2.53231e-11
5.605	-2.52878e-11
5.61	-2.52526e-11
5.615	-2.52175e-11
5.62	-2.51824e-11
5.625	-2.51474e-11
5.63	-2.51124e-11
5.635	-2.50775e-11
5.64	-2.50427e-11
5.645	-2.50079e-11
5.65	-2.49732e-11
5.655	-2.49385e-11
5.66	-2.49039e-11
5.665	-2.48693e-11
5.67	-2.48348e-11
5.675	-2.48004e-11
5.68	-2.4766e-11
5.685	-2.47316e-11
5.69	-2.46974e-11
5.695	-2.46631e-11
5.7	-2.4629e-11
5.705	-2.45949e-11
5.71	-2.45608e-11
5.715	-2.45268e-11
5.72	-2.44929e-11
5.725	-2.4459e-11
5.73	-2.44251e-11
5.735	-2.43914e-11
5.74	-2.43576e-11
5.745	-2.4324e-11
5.75	-2.42904e-11
5.755	-2.42568e-11
5.76	-2.42233e-11
5.765	-2.41899e-11
5.77	-2.41565e-11
5.775	-2.41231e-11
5.78	-2.40898e-11
5.785	-2.40566e-11
5.79	-2.40234e-11
5.795	-2.39903e-11
5.8	-2.39572e-11
5.805	-2.39242e-11
5.81	-2.38912e-11
5.815	-2.38583e-11
5.82	-2.38254e-11
5.825	-2.37926e-11
5.83	-2.37599e-11
5.835	-2.37271e-11
5.84	-2.36945e-11
5.845	-2.36619e-11
5.85	-2.36293e-11
5.855	-2.35968e-11
5.86	-2.35644e-11
5.865	-2.3532e-11
5.87	-2.34996e-11
5.875	-2.34674e-11
5.88	-2.34351e-11
5.885	-2.34029e-11
5.89	-2.33708e-11
5.895	-2.33387e-11
5.9	-2.33066e-11
5.905	-2.32747e-11
5.91	-2.32427e-11
5.915	-2.32108e-11
5.92	-2.3179e-11
5.925	-2.31472e-11
5.93	-2.31155e-11
5.935	-2.30838e-11
5.94	-2.30521e-11
5.945	-2.30205e-11
5.95	-2.2989e-11
5.955	-2.29575e-11
5.96	-2.2926e-11
5.965	-2.28946e-11
5.97	-2.28633e-11
5.975	-2.2832e-11
5.98	-2.28008e-11
5.985	-2.27696e-11
5.99	-2.27384e-11
5.995	-2.27073e-11
6	-2.26762e-11
0 unlabeled lines
