-0.0025	0.07		two fibers_not connected to ground	0.07
0.0025	0.07		dist = 0.1	0.07
0.0075	0.0700104		node15_il	0.070013557
0.0125	0.0700178			0.070022063
0.0175	0.0700234			0.070027891
0.0225	0.0700278			0.070032236
0.0275	0.0700315			0.07003572
0.0325	0.0700346			0.070038675
0.0375	0.0700373			0.070041285
0.0425	0.0700398			0.07004365
0.0475	0.0700421			0.07004583
0.0525	0.0700441			0.070047862
0.0575	0.0700461			0.070049771
0.0625	0.0700479			0.070051571
0.0675	0.0700496			0.070053275
0.0725	0.0700512			0.070054893
0.0775	0.0700528			0.070056433
0.0825	0.0700542			0.070057901
0.0875	0.0700556			0.070059302
0.0925	0.0700569			0.070060643
0.0975	0.0700582			0.070061926
0.1025	0.0700594			0.070063158
0.1075	0.0700606			0.07006434
0.1125	0.0700617			0.070065477
0.1175	0.0700628			0.070066572
0.1225	0.0700638			0.070067626
0.1275	0.0700648			0.070068644
0.1325	0.0700658			0.070069627
0.1375	0.0700667			0.070070578
0.1425	0.0700676			0.070071498
0.1475	0.0700685			0.070072389
0.1525	0.0700693			0.070073253
0.1575	0.0700701			0.070074091
0.1625	0.0700709			0.070074906
0.1675	0.0700717			0.070075698
0.1725	0.0700724			0.070076468
0.1775	0.0700731			0.070077219
0.1825	0.0700738			0.07007795
0.1875	0.0700745			0.070078662
0.1925	0.0700752			0.070079358
0.1975	0.0700758			0.070080037
0.2025	0.0700765			0.070080701
0.2075	0.0700771			0.070081349
0.2125	0.0700777			0.070081984
0.2175	0.0700783			0.070082605
0.2225	0.0700789			0.070083213
0.2275	0.0700794			0.07008381
0.2325	0.07008			0.070084394
0.2375	0.0700805			0.070084967
0.2425	0.0700811			0.07008553
0.2475	0.0700816			0.070086082
0.2525	0.0700821			0.070086625
0.2575	0.0700826			0.070087158
0.2625	0.0700831			0.070087682
0.2675	0.0700836			0.070088198
0.2725	0.0700841			0.070088705
0.2775	0.0700845			0.070089204
0.2825	0.070085			0.070089696
0.2875	0.0700855			0.07009018
0.2925	0.0700859			0.070090657
0.2975	0.0700863			0.070091128
0.3025	0.0700868			0.070091591
0.3075	0.0700872			0.070092049
0.3125	0.0700876			0.0700925
0.3175	0.070088			0.070092945
0.3225	0.0700885			0.070093385
0.3275	0.0700889			0.070093819
0.3325	0.0700893			0.070094247
0.3375	0.0700897			0.070094671
0.3425	0.07009			0.070095089
0.3475	0.0700904			0.070095503
0.3525	0.0700908			0.070095912
0.3575	0.0700912			0.070096316
0.3625	0.0700916			0.070096716
0.3675	0.0700919			0.070097111
0.3725	0.0700923			0.070097503
0.3775	0.0700926			0.07009789
0.3825	0.070093			0.070098274
0.3875	0.0700934			0.070098653
0.3925	0.0700937			0.070099029
0.3975	0.070094			0.070099401
0.4025	0.0700944			0.07009977
0.4075	0.0700947			0.070100135
0.4125	0.0700951			0.070100497
0.4175	0.0700954			0.070100855
0.4225	0.0700957			0.070101211
0.4275	0.070096			0.070101563
0.4325	0.0700964			0.070101912
0.4375	0.0700967			0.070102258
0.4425	0.070097			0.070102602
0.4475	0.0700973			0.070102942
0.4525	0.0700976			0.07010328
0.4575	0.0700979			0.070103615
0.4625	0.0700983			0.070103948
0.4675	0.0700985			0.070104278
0.4725	0.0700989			0.070104605
0.4775	0.0700992			0.07010493
0.4825	0.0700995			0.070105252
0.4875	0.0700997			0.070105572
0.4925	0.0701			0.07010589
0.4975	0.0701003			0.070106206
0.5025	0.0701006			0.070106519
0.5075	0.0701009			0.07010683
0.5125	0.0701012			0.070107139
0.5175	0.0701015			0.070107446
0.5225	0.0701017			0.07010775
0.5275	0.070102			0.070108053
0.5325	0.0701023			0.070108354
0.5375	0.0701026			0.070108653
0.5425	0.0701028			0.070108949
0.5475	0.0701031			0.070109244
0.5525	0.0701034			0.070109537
0.5575	0.0701036			0.070109829
0.5625	0.0701039			0.070110118
0.5675	0.0701042			0.070110406
0.5725	0.0701044			0.070110692
0.5775	0.0701047			0.070110976
0.5825	0.0701049			0.070111259
0.5875	0.0701052			0.07011154
0.5925	0.0701055			0.070111819
0.5975	0.0701057			0.070112097
0.6025	0.070106			0.070112373
0.6075	0.0701062			0.070112648
0.6125	0.0701065			0.070112921
0.6175	0.0701067			0.070113193
0.6225	0.070107			0.070113463
0.6275	0.0701072			0.070113732
0.6325	0.0701074			0.070113999
0.6375	0.0701077			0.070114265
0.6425	0.0701079			0.070114529
0.6475	0.0701082			0.070114792
0.6525	0.0701084			0.070115054
0.6575	0.0701086			0.070115314
0.6625	0.0701089			0.070115573
0.6675	0.0701091			0.070115831
0.6725	0.0701093			0.070116088
0.6775	0.0701096			0.070116343
0.6825	0.0701098			0.070116597
0.6875	0.07011			0.070116849
0.6925	0.0701103			0.070117101
0.6975	0.0701105			0.070117351
0.7025	0.0701107			0.0701176
0.7075	0.0701109			0.070117848
0.7125	0.0701112			0.070118095
0.7175	0.0701114			0.070118341
0.7225	0.0701116			0.070118585
0.7275	0.0701118			0.070118829
0.7325	0.070112			0.070119071
0.7375	0.0701123			0.070119312
0.7425	0.0701125			0.070119552
0.7475	0.0701127			0.070119791
0.7525	0.0701129			0.070120029
0.7575	0.0701131			0.070120266
0.7625	0.0701133			0.070120502
0.7675	0.0701136			0.070120737
0.7725	0.0701138			0.070120971
0.7775	0.070114			0.070121204
0.7825	0.0701142			0.070121436
0.7875	0.0701144			0.070121667
0.7925	0.0701146			0.070121897
0.7975	0.0701148			0.070122126
0.8025	0.070115			0.070122354
0.8075	0.0701152			0.070122581
0.8125	0.0701154			0.070122808
0.8175	0.0701156			0.070123033
0.8225	0.0701158			0.070123257
0.8275	0.070116			0.070123481
0.8325	0.0701162			0.070123704
0.8375	0.0701164			0.070123925
0.8425	0.0701166			0.070124146
0.8475	0.0701168			0.070124367
0.8525	0.070117			0.070124586
0.8575	0.0701172			0.070124804
0.8625	0.0701174			0.070125022
0.8675	0.0701176			0.070125239
0.8725	0.0701178			0.070125454
0.8775	0.070118			0.07012567
0.8825	0.0701182			0.070125884
0.8875	0.0701184			0.070126097
0.8925	0.0701186			0.07012631
0.8975	0.0701188			0.070126522
0.9025	0.070119			0.070126733
0.9075	0.0701191			0.070126944
0.9125	0.0701193			0.070127154
0.9175	0.0701195			0.070127363
0.9225	0.0701197			0.070127571
0.9275	0.0701199			0.070127778
0.9325	0.0701201			0.070127985
0.9375	0.0701203			0.070128191
0.9425	0.0701205			0.070128396
0.9475	0.0701206			0.070128601
0.9525	0.0701208			0.070128805
0.9575	0.070121			0.070129008
0.9625	0.0701212			0.070129211
0.9675	0.0701214			0.070129412
0.9725	0.0701215			0.070129614
0.9775	0.0701217			0.070129814
0.9825	0.0701219			0.070130014
0.9875	0.0701221			0.070130213
0.9925	0.0701223			0.070130412
0.9975	0.0701224			0.07013061
1.0025	0.0701226			0.070130807
1.0075	0.0701228			0.070131008
1.0125	0.070123			0.070131228
1.0175	0.0701232			0.070131493
1.0225	0.0701233			0.070131834
1.0275	0.0701235			0.070132284
1.0325	0.0701238			0.070132873
1.0375	0.0701241			0.070133633
1.0425	0.0701244			0.070134596
1.0475	0.0701248			0.0701358
1.0525	0.0701254			0.070137293
1.0575	0.070126			0.070139129
1.0625	0.0701269			0.070141375
1.0675	0.0701279			0.070144111
1.0725	0.0701291			0.070147439
1.0775	0.0701306			0.070151476
1.0825	0.0701324			0.070156362
1.0875	0.0701346			0.070162274
1.0925	0.0701373			0.070169426
1.0975	0.0701405			0.070178073
1.1025	0.0701443			0.070188511
1.1075	0.0701489			0.070201115
1.1125	0.0701544			0.070216354
1.1175	0.070161			0.070234774
1.1225	0.0701688			0.070257001
1.1275	0.0701782			0.070283828
1.1325	0.0701894			0.070316279
1.1375	0.0702029			0.070355539
1.1425	0.0702189			0.070402919
1.1475	0.0702381			0.070460081
1.1525	0.070261			0.070529274
1.1575	0.0702885			0.070613095
1.1625	0.0703213			0.070714264
1.1675	0.0703604			0.070836209
1.1725	0.0704073			0.070983882
1.1775	0.0704634			0.071163099
1.1825	0.0705305			0.071379441
1.1875	0.0706106			0.071639779
1.1925	0.0707064			0.071955027
1.1975	0.0708212			0.072338578
1.2025	0.0709586			0.072801805
1.2075	0.0711228			0.073357765
1.2125	0.0713188			0.074030415
1.2175	0.0715536			0.074851684
1.2225	0.0718352			0.075844857
1.2275	0.0721721			0.077032197
1.2325	0.0725738			0.078465593
1.2375	0.0730538			0.080223987
1.2425	0.0736302			0.082356877
1.2475	0.074322			0.084892548
1.2525	0.0751469			0.087940121
1.2575	0.0761286			0.091701167
1.2625	0.0773054			0.096291234
1.2675	0.0787244			0.101706383
1.2725	0.0804231			0.108161337
1.2775	0.0824364			0.116184358
1.2825	0.0848326			0.126084684
1.2875	0.0877281			0.137649458
1.2925	0.0912292			0.151230965
1.2975	0.0953819			0.168242608
1.3025	0.100266			0.189615753
1.3075	0.106123			0.21429222
1.3125	0.113294			0.242484649
1.3175	0.121916			0.27802846
1.3225	0.131946			0.323870836
1.3275	0.14371			0.37605796
1.3325	0.158131			0.432372228
1.3375	0.175995			0.502672687
1.3425	0.196905			0.593982651
1.3475	0.220534			0.685500551
1.3525	0.248712			0.74330563
1.3575	0.284589			0.770384721
1.3625	0.328484			0.786623851
1.3675	0.376301			0.800898532
1.3725	0.42843			0.810951369
1.3775	0.493373			0.814979898
1.3825	0.576867			0.815425835
1.3875	0.663868			0.814664417
1.3925	0.724485			0.813015988
1.3975	0.754525			0.809927212
1.4025	0.77002			0.805540154
1.4075	0.782632			0.800378251
1.4125	0.794584			0.794717097
1.4175	0.802662			0.788506246
1.4225	0.805683			0.781716932
1.4275	0.805398			0.774446442
1.4325	0.803771			0.766802953
1.4375	0.801526			0.758821807
1.4425	0.798337			0.750506534
1.4475	0.79395			0.741882591
1.4525	0.788556			0.732992395
1.4575	0.782511			0.723869643
1.4625	0.776019			0.714534546
1.4675	0.769086			0.705007103
1.4725	0.761681			0.695312662
1.4775	0.753836			0.685477557
1.4825	0.74563			0.675524777
1.4875	0.737129			0.66547539
1.4925	0.728365			0.655350984
1.4975	0.71935			0.645173695
1.5025	0.710105			0.63496483
1.5075	0.700663			0.624744418
1.5125	0.691056			0.614531711
1.5175	0.68131			0.604345457
1.5225	0.671446			0.59420363
1.5275	0.661485			0.584123106
1.5325	0.651449			0.574119642
1.5375	0.641362			0.564207954
1.5425	0.631246			0.554401702
1.5475	0.621118			0.544713387
1.5525	0.610999			0.535154307
1.5575	0.600907			0.525734578
1.5625	0.590859			0.51646317
1.5675	0.580871			0.507347923
1.5725	0.570959			0.498395565
1.5775	0.561137			0.489611757
1.5825	0.551418			0.481001156
1.5875	0.541813			0.472567477
1.5925	0.532335			0.464313558
1.5975	0.522992			0.456241425
1.6025	0.513793			0.448352366
1.6075	0.504745			0.440647008
1.6125	0.495856			0.433125382
1.6175	0.487129			0.425786991
1.6225	0.478571			0.418630877
1.6275	0.470185			0.411655678
1.6325	0.461972			0.404859682
1.6375	0.453936			0.398240879
1.6425	0.446078			0.391796998
1.6475	0.438397			0.385525554
1.6525	0.430896			0.37942387
1.6575	0.423572			0.373489115
1.6625	0.416426			0.367718321
1.6675	0.409455			0.362108406
1.6725	0.402659			0.356656189
1.6775	0.396036			0.351358409
1.6825	0.389583			0.346211731
1.6875	0.383299			0.34121276
1.6925	0.37718			0.336358049
1.6975	0.371225			0.331644113
1.7025	0.365429			0.327067427
1.7075	0.359792			0.322624445
1.7125	0.354308			0.318311601
1.7175	0.348976			0.314125318
1.7225	0.343792			0.310062018
1.7275	0.338753			0.306118128
1.7325	0.333856			0.30229009
1.7375	0.329097			0.298574366
1.7425	0.324474			0.294967449
1.7475	0.319981			0.291465871
1.7525	0.315618			0.288066205
1.7575	0.311379			0.28476508
1.7625	0.307261			0.281559182
1.7675	0.303261			0.278445261
1.7725	0.299377			0.275420141
1.7775	0.295603			0.272480719
1.7825	0.291937			0.269623971
1.7875	0.288376			0.266846958
1.7925	0.284916			0.264146828
1.7975	0.281554			0.261520817
1.8025	0.278286			0.25896625
1.8075	0.275111			0.256480546
1.8125	0.272024			0.254061214
1.8175	0.269023			0.251705856
1.8225	0.266105			0.249412164
1.8275	0.263266			0.247177923
1.8325	0.260505			0.245001002
1.8375	0.257818			0.242879362
1.8425	0.255204			0.240811045
1.8475	0.252658			0.238794179
1.8525	0.25018			0.23682697
1.8575	0.247766			0.234907702
1.8625	0.245415			0.233034734
1.8675	0.243124			0.231206496
1.8725	0.240891			0.229421488
1.8775	0.238715			0.227678277
1.8825	0.236592			0.225975489
1.8875	0.234522			0.224311816
1.8925	0.232503			0.222686003
1.8975	0.230533			0.221096851
1.9025	0.22861			0.219543214
1.9075	0.226734			0.218023993
1.9125	0.224901			0.216538137
1.9175	0.223112			0.215084639
1.9225	0.221364			0.213662535
1.9275	0.219656			0.212270899
1.9325	0.217988			0.210908844
1.9375	0.216357			0.209575518
1.9425	0.214764			0.208270102
1.9475	0.213205			0.20699181
1.9525	0.211682			0.205739885
1.9575	0.210192			0.2045136
1.9625	0.208734			0.203312254
1.9675	0.207309			0.20213517
1.9725	0.205914			0.200981699
1.9775	0.204549			0.199851212
1.9825	0.203213			0.198743103
1.9875	0.201905			0.197656787
1.9925	0.200625			0.196591697
1.9975	0.199372			0.195547286
2.0025	0.198144			0.194523025
2.0075	0.196942			0.193518401
2.0125	0.195765			0.192532919
2.0175	0.194612			0.191566098
2.0225	0.193482			0.190617472
2.0275	0.192375			0.189686588
2.0325	0.19129			0.188773009
2.0375	0.190227			0.187876309
2.0425	0.189185			0.186996075
2.0475	0.188163			0.186131907
2.0525	0.187162			0.185283414
2.0575	0.18618			0.184450218
2.0625	0.185217			0.183631952
2.0675	0.184273			0.182828257
2.0725	0.183346			0.182038786
2.0775	0.182438			0.1812632
2.0825	0.181546			0.180501171
2.0875	0.180672			0.179752378
2.0925	0.179814			0.17901651
2.0975	0.178972			0.178293263
2.1025	0.178145			0.177582342
2.1075	0.177334			0.17688346
2.1125	0.176537			0.176196337
2.1175	0.175755			0.1755207
2.1225	0.174987			0.174856285
2.1275	0.174233			0.174202832
2.1325	0.173492			0.17356009
2.1375	0.172765			0.172927814
2.1425	0.17205			0.172305765
2.1475	0.171348			0.17169371
2.1525	0.170658			0.171091423
2.1575	0.16998			0.170498682
2.1625	0.169313			0.169915273
2.1675	0.168658			0.169340986
2.1725	0.168014			0.168775616
2.1775	0.167381			0.168218964
2.1825	0.166759			0.167670837
2.1875	0.166147			0.167131045
2.1925	0.165544			0.166599404
2.1975	0.164952			0.166075734
2.2025	0.164369			0.165559861
2.2075	0.163796			0.165051614
2.2125	0.163232			0.164550827
2.2175	0.162677			0.164057337
2.2225	0.162131			0.163570987
2.2275	0.161593			0.163091623
2.2325	0.161063			0.162619095
2.2375	0.160542			0.162153256
2.2425	0.160029			0.161693964
2.2475	0.159524			0.16124108
2.2525	0.159026			0.160794469
2.2575	0.158535			0.160353998
2.2625	0.158052			0.159919539
2.2675	0.157576			0.159490967
2.2725	0.157108			0.159068158
2.2775	0.156645			0.158650994
2.2825	0.15619			0.158239358
2.2875	0.155741			0.157833137
2.2925	0.155299			0.15743222
2.2975	0.154862			0.157036499
2.3025	0.154432			0.156645869
2.3075	0.154008			0.156260228
2.3125	0.153589			0.155879475
2.3175	0.153177			0.155503514
2.3225	0.15277			0.155132248
2.3275	0.152368			0.154765584
2.3325	0.151972			0.154403433
2.3375	0.151581			0.154045707
2.3425	0.151195			0.153692317
2.3475	0.150814			0.153343182
2.3525	0.150439			0.152998218
2.3575	0.150067			0.152657346
2.3625	0.149701			0.152320487
2.3675	0.14934			0.151987565
2.3725	0.148982			0.151658506
2.3775	0.14863			0.151333237
2.3825	0.148281			0.151011688
2.3875	0.147937			0.150693788
2.3925	0.147598			0.150379471
2.3975	0.147262			0.15006867
2.4025	0.14693			0.149761322
2.4075	0.146602			0.149457363
2.4125	0.146278			0.149156731
2.4175	0.145958			0.148859368
2.4225	0.145642			0.148565214
2.4275	0.145329			0.148274212
2.4325	0.14502			0.147986306
2.4375	0.144714			0.147701441
2.4425	0.144412			0.147419565
2.4475	0.144113			0.147140626
2.4525	0.143818			0.146864571
2.4575	0.143526			0.146591352
2.4625	0.143237			0.146320919
2.4675	0.142951			0.146053226
2.4725	0.142668			0.145788226
2.4775	0.142388			0.145525873
2.4825	0.142111			0.145266123
2.4875	0.141837			0.145008933
2.4925	0.141566			0.144754259
2.4975	0.141298			0.144502061
2.5025	0.141033			0.144252298
2.5075	0.14077			0.14400493
2.5125	0.14051			0.143759919
2.5175	0.140253			0.143517225
2.5225	0.139998			0.143276813
2.5275	0.139746			0.143038645
2.5325	0.139496			0.142802687
2.5375	0.139248			0.142568902
2.5425	0.139004			0.142337257
2.5475	0.138761			0.142107719
2.5525	0.138521			0.141880255
2.5575	0.138283			0.141654833
2.5625	0.138047			0.141431421
2.5675	0.137814			0.141209989
2.5725	0.137582			0.140990506
2.5775	0.137353			0.140772944
2.5825	0.137126			0.140557274
2.5875	0.136902			0.140343466
2.5925	0.136679			0.140131494
2.5975	0.136458			0.13992133
2.6025	0.136239			0.139712948
2.6075	0.136022			0.139506321
2.6125	0.135807			0.139301425
2.6175	0.135594			0.139098233
2.6225	0.135383			0.138896722
2.6275	0.135174			0.138696868
2.6325	0.134966			0.138498646
2.6375	0.13476			0.138302034
2.6425	0.134556			0.138107009
2.6475	0.134354			0.137913549
2.6525	0.134153			0.137721632
2.6575	0.133955			0.137531236
2.6625	0.133757			0.137342341
2.6675	0.133562			0.137154926
2.6725	0.133368			0.13696897
2.6775	0.133175			0.136784454
2.6825	0.132985			0.136601359
2.6875	0.132795			0.136419664
2.6925	0.132608			0.136239352
2.6975	0.132421			0.136060405
2.7025	0.132237			0.135882803
2.7075	0.132053			0.135706529
2.7125	0.131871			0.135531566
2.7175	0.131691			0.135357897
2.7225	0.131512			0.135185504
2.7275	0.131334			0.135014371
2.7325	0.131158			0.134844483
2.7375	0.130983			0.134675823
2.7425	0.130809			0.134508375
2.7475	0.130637			0.134342124
2.7525	0.130466			0.134177055
2.7575	0.130296			0.134013153
2.7625	0.130127			0.133850403
2.7675	0.12996			0.133688792
2.7725	0.129794			0.133528304
2.7775	0.129629			0.133368927
2.7825	0.129466			0.133210646
2.7875	0.129303			0.133053447
2.7925	0.129142			0.132897319
2.7975	0.128982			0.132742248
2.8025	0.128823			0.13258822
2.8075	0.128665			0.132435224
2.8125	0.128508			0.132283248
2.8175	0.128352			0.132132278
2.8225	0.128198			0.131982304
2.8275	0.128044			0.131833313
2.8325	0.127892			0.131685293
2.8375	0.12774			0.131538235
2.8425	0.12759			0.131392125
2.8475	0.12744			0.131246954
2.8525	0.127292			0.13110271
2.8575	0.127145			0.130959383
2.8625	0.126998			0.130816962
2.8675	0.126853			0.130675437
2.8725	0.126708			0.130534797
2.8775	0.126565			0.130395034
2.8825	0.126422			0.130256136
2.8875	0.12628			0.130118094
2.8925	0.126139			0.129980899
2.8975	0.126			0.129844541
2.9025	0.125861			0.12970901
2.9075	0.125722			0.129574299
2.9125	0.125585			0.129440397
2.9175	0.125449			0.129307296
2.9225	0.125313			0.129174987
2.9275	0.125179			0.129043462
2.9325	0.125045			0.128912711
2.9375	0.124912			0.128782727
2.9425	0.12478			0.128653502
2.9475	0.124648			0.128525027
2.9525	0.124518			0.128397295
2.9575	0.124388			0.128270296
2.9625	0.124259			0.128144025
2.9675	0.12413			0.128018472
2.9725	0.124003			0.127893631
2.9775	0.123876			0.127769494
2.9825	0.12375			0.127646054
2.9875	0.123625			0.127523304
2.9925	0.1235			0.127401235
2.9975	0.123377			0.127279842
3.0025	0.123254			0.127159118
3.0075	0.123131			0.127039055
3.0125	0.12301			0.126919647
3.0175	0.122889			0.126800887
3.0225	0.122768			0.126682769
3.0275	0.122649			0.126565286
3.0325	0.12253			0.126448432
3.0375	0.122411			0.1263322
3.0425	0.122294			0.126216585
3.0475	0.122177			0.12610158
3.0525	0.122061			0.125987179
3.0575	0.121945			0.125873377
3.0625	0.12183			0.125760166
3.0675	0.121715			0.125647543
3.0725	0.121602			0.1255355
3.0775	0.121489			0.125424033
3.0825	0.121376			0.125313135
3.0875	0.121264			0.125202801
3.0925	0.121153			0.125093026
3.0975	0.121042			0.124983805
3.1025	0.120932			0.124875132
3.1075	0.120822			0.124767001
3.1125	0.120713			0.124659408
3.1175	0.120605			0.124552348
3.1225	0.120497			0.124445816
3.1275	0.120389			0.124339806
3.1325	0.120282			0.124234315
3.1375	0.120176			0.124129336
3.1425	0.120071			0.124024865
3.1475	0.119965			0.123920898
3.1525	0.119861			0.12381743
3.1575	0.119757			0.123714456
3.1625	0.119653			0.123611972
3.1675	0.11955			0.123509974
3.1725	0.119447			0.123408456
3.1775	0.119345			0.123307415
3.1825	0.119244			0.123206846
3.1875	0.119143			0.123106745
3.1925	0.119042			0.123007108
3.1975	0.118942			0.122907931
3.2025	0.118842			0.122809209
3.2075	0.118743			0.122710939
3.2125	0.118645			0.122613116
3.2175	0.118547			0.122515737
3.2225	0.118449			0.122418797
3.2275	0.118352			0.122322293
3.2325	0.118255			0.122226222
3.2375	0.118158			0.122130578
3.2425	0.118063			0.12203536
3.2475	0.117967			0.121940562
3.2525	0.117872			0.121846181
3.2575	0.117778			0.121752214
3.2625	0.117684			0.121658657
3.2675	0.11759			0.121565506
3.2725	0.117497			0.121472759
3.2775	0.117404			0.121380412
3.2825	0.117311			0.121288461
3.2875	0.117219			0.121196903
3.2925	0.117128			0.121105735
3.2975	0.117037			0.121014953
3.3025	0.116946			0.120924554
3.3075	0.116856			0.120834536
3.3125	0.116766			0.120744894
3.3175	0.116676			0.120655627
3.3225	0.116587			0.12056673
3.3275	0.116498			0.1204782
3.3325	0.11641			0.120390036
3.3375	0.116322			0.120302233
3.3425	0.116234			0.120214789
3.3475	0.116147			0.120127701
3.3525	0.11606			0.120040965
3.3575	0.115974			0.11995458
3.3625	0.115887			0.119868543
3.3675	0.115802			0.11978285
3.3725	0.115716			0.119697498
3.3775	0.115631			0.119612486
3.3825	0.115547			0.119527811
3.3875	0.115462			0.119443469
3.3925	0.115378			0.119359458
3.3975	0.115295			0.119275776
3.4025	0.115211			0.11919242
3.4075	0.115128			0.119109387
3.4125	0.115046			0.119026676
3.4175	0.114963			0.118944283
3.4225	0.114881			0.118862205
3.4275	0.1148			0.118780442
3.4325	0.114719			0.11869899
3.4375	0.114638			0.118617846
3.4425	0.114557			0.118537009
3.4475	0.114477			0.118456476
3.4525	0.114397			0.118376245
3.4575	0.114317			0.118296314
3.4625	0.114238			0.11821668
3.4675	0.114159			0.118137341
3.4725	0.11408			0.118058295
3.4775	0.114001			0.11797954
3.4825	0.113923			0.117901073
3.4875	0.113845			0.117822893
3.4925	0.113768			0.117744997
3.4975	0.113691			0.117667383
3.5025	0.113614			0.11759005
3.5075	0.113537			0.117512994
3.5125	0.113461			0.117436215
3.5175	0.113385			0.11735971
3.5225	0.113309			0.117283477
3.5275	0.113233			0.117207514
3.5325	0.113158			0.11713182
3.5375	0.113083			0.117056392
3.5425	0.113009			0.116981228
3.5475	0.112934			0.116906327
3.5525	0.11286			0.116831686
3.5575	0.112786			0.116757305
3.5625	0.112713			0.11668318
3.5675	0.11264			0.116609311
3.5725	0.112567			0.116535695
3.5775	0.112494			0.116462331
3.5825	0.112421			0.116389216
3.5875	0.112349			0.11631635
3.5925	0.112277			0.116243731
3.5975	0.112205			0.116171356
3.6025	0.112134			0.116099224
3.6075	0.112063			0.116027334
3.6125	0.111992			0.115955684
3.6175	0.111921			0.115884271
3.6225	0.111851			0.115813096
3.6275	0.11178			0.115742155
3.6325	0.11171			0.115671448
3.6375	0.111641			0.115600973
3.6425	0.111571			0.115530728
3.6475	0.111502			0.115460711
3.6525	0.111433			0.115390922
3.6575	0.111364			0.115321359
3.6625	0.111296			0.11525202
3.6675	0.111228			0.115182904
3.6725	0.11116			0.115114009
3.6775	0.111092			0.115045334
3.6825	0.111024			0.114976877
3.6875	0.110957			0.114908638
3.6925	0.11089			0.114840614
3.6975	0.110823			0.114772804
3.7025	0.110756			0.114705207
3.7075	0.11069			0.114637822
3.7125	0.110623			0.114570647
3.7175	0.110557			0.114503681
3.7225	0.110492			0.114436922
3.7275	0.110426			0.114370369
3.7325	0.110361			0.114304021
3.7375	0.110295			0.114237877
3.7425	0.11023			0.114171935
3.7475	0.110166			0.114106195
3.7525	0.110101			0.114040654
3.7575	0.110037			0.113975311
3.7625	0.109973			0.113910166
3.7675	0.109909			0.113845218
3.7725	0.109845			0.113780464
3.7775	0.109782			0.113715903
3.7825	0.109718			0.113651536
3.7875	0.109655			0.11358736
3.7925	0.109592			0.113523374
3.7975	0.10953			0.113459577
3.8025	0.109467			0.113395968
3.8075	0.109405			0.113332546
3.8125	0.109343			0.113269309
3.8175	0.109281			0.113206257
3.8225	0.109219			0.113143389
3.8275	0.109158			0.113080703
3.8325	0.109096			0.113018198
3.8375	0.109035			0.112955874
3.8425	0.108974			0.112893729
3.8475	0.108913			0.112831762
3.8525	0.108853			0.112769972
3.8575	0.108792			0.112708358
3.8625	0.108732			0.11264692
3.8675	0.108672			0.112585655
3.8725	0.108612			0.112524563
3.8775	0.108553			0.112463644
3.8825	0.108493			0.112402896
3.8875	0.108434			0.112342317
3.8925	0.108375			0.112281908
3.8975	0.108316			0.112221667
3.9025	0.108257			0.112161594
3.9075	0.108198			0.112101686
3.9125	0.10814			0.112041944
3.9175	0.108081			0.111982367
3.9225	0.108023			0.111922952
3.9275	0.107965			0.111863701
3.9325	0.107908			0.111804611
3.9375	0.10785			0.111745682
3.9425	0.107793			0.111686913
3.9475	0.107735			0.111628303
3.9525	0.107678			0.111569852
3.9575	0.107621			0.111511557
3.9625	0.107565			0.111453419
3.9675	0.107508			0.111395437
3.9725	0.107451			0.111337609
3.9775	0.107395			0.111279936
3.9825	0.107339			0.111222415
3.9875	0.107283			0.111165047
3.9925	0.107227			0.111107831
3.9975	0.107172			0.111050765
4.0025	0.107116			0.110993849
4.0075	0.107061			0.110937082
4.0125	0.107006			0.110880463
4.0175	0.106951			0.110823992
4.0225	0.106896			0.110767667
4.0275	0.106841			0.110711489
4.0325	0.106786			0.110655456
4.0375	0.106732			0.110599567
4.0425	0.106678			0.110543822
4.0475	0.106623			0.11048822
4.0525	0.106569			0.11043276
4.0575	0.106516			0.110377442
4.0625	0.106462			0.110322265
4.0675	0.106408			0.110267227
4.0725	0.106355			0.11021233
4.0775	0.106302			0.11015757
4.0825	0.106249			0.110102949
4.0875	0.106196			0.110048465
4.0925	0.106143			0.109994117
4.0975	0.10609			0.109939906
4.1025	0.106038			0.10988583
4.1075	0.105985			0.109831888
4.1125	0.105933			0.10977808
4.1175	0.105881			0.109724405
4.1225	0.105829			0.109670863
4.1275	0.105777			0.109617453
4.1325	0.105725			0.109564174
4.1375	0.105674			0.109511026
4.1425	0.105622			0.109458008
4.1475	0.105571			0.109405119
4.1525	0.10552			0.109352359
4.1575	0.105469			0.109299727
4.1625	0.105418			0.109247222
4.1675	0.105367			0.109194844
4.1725	0.105316			0.109142593
4.1775	0.105266			0.109090467
4.1825	0.105216			0.109038467
4.1875	0.105165			0.108986591
4.1925	0.105115			0.108934838
4.1975	0.105065			0.108883209
4.2025	0.105015			0.108831703
4.2075	0.104966			0.108780319
4.2125	0.104916			0.108729057
4.2175	0.104866			0.108677915
4.2225	0.104817			0.108626894
4.2275	0.104768			0.108575993
4.2325	0.104719			0.108525211
4.2375	0.10467			0.108474549
4.2425	0.104621			0.108424004
4.2475	0.104572			0.108373577
4.2525	0.104523			0.108323267
4.2575	0.104475			0.108273074
4.2625	0.104427			0.108222997
4.2675	0.104378			0.108173036
4.2725	0.10433			0.108123189
4.2775	0.104282			0.108073457
4.2825	0.104234			0.10802384
4.2875	0.104186			0.107974335
4.2925	0.104139			0.107924944
4.2975	0.104091			0.107875665
4.3025	0.104044			0.107826498
4.3075	0.103996			0.107777443
4.3125	0.103949			0.107728499
4.3175	0.103902			0.107679665
4.3225	0.103855			0.107630942
4.3275	0.103808			0.107582328
4.3325	0.103761			0.107533823
4.3375	0.103715			0.107485426
4.3425	0.103668			0.107437138
4.3475	0.103622			0.107388957
4.3525	0.103575			0.107340884
4.3575	0.103529			0.107292917
4.3625	0.103483			0.107245057
4.3675	0.103437			0.107197303
4.3725	0.103391			0.107149653
4.3775	0.103345			0.107102109
4.3825	0.1033			0.107054669
4.3875	0.103254			0.107007334
4.3925	0.103209			0.106960102
4.3975	0.103163			0.106912973
4.4025	0.103118			0.106865947
4.4075	0.103073			0.106819023
4.4125	0.103028			0.106772201
4.4175	0.102983			0.10672548
4.4225	0.102938			0.106678861
4.4275	0.102894			0.106632342
4.4325	0.102849			0.106585923
4.4375	0.102804			0.106539604
4.4425	0.10276			0.106493384
4.4475	0.102716			0.106447264
4.4525	0.102672			0.106401241
4.4575	0.102627			0.106355317
4.4625	0.102583			0.106309491
4.4675	0.10254			0.106263762
4.4725	0.102496			0.10621813
4.4775	0.102452			0.106172595
4.4825	0.102408			0.106127156
4.4875	0.102365			0.106081812
4.4925	0.102322			0.106036564
4.4975	0.102278			0.105991411
4.5025	0.102235			0.105946353
4.5075	0.102192			0.105901389
4.5125	0.102149			0.105856519
4.5175	0.102106			0.105811742
4.5225	0.102063			0.105767058
4.5275	0.10202			0.105722468
4.5325	0.101978			0.105677969
4.5375	0.101935			0.105633563
4.5425	0.101893			0.105589248
4.5475	0.10185			0.105545025
4.5525	0.101808			0.105500893
4.5575	0.101766			0.105456851
4.5625	0.101724			0.1054129
4.5675	0.101682			0.105369038
4.5725	0.10164			0.105325266
4.5775	0.101598			0.105281583
4.5825	0.101557			0.10523799
4.5875	0.101515			0.105194484
4.5925	0.101473			0.105151067
4.5975	0.101432			0.105107738
4.6025	0.101391			0.105064496
4.6075	0.101349			0.105021342
4.6125	0.101308			0.104978274
4.6175	0.101267			0.104935293
4.6225	0.101226			0.104892399
4.6275	0.101185			0.10484959
4.6325	0.101144			0.104806866
4.6375	0.101104			0.104764228
4.6425	0.101063			0.104721675
4.6475	0.101022			0.104679206
4.6525	0.100982			0.104636822
4.6575	0.100942			0.104594522
4.6625	0.100901			0.104552305
4.6675	0.100861			0.104510172
4.6725	0.100821			0.104468122
4.6775	0.100781			0.104426155
4.6825	0.100741			0.10438427
4.6875	0.100701			0.104342467
4.6925	0.100661			0.104300746
4.6975	0.100622			0.104259107
4.7025	0.100582			0.104217549
4.7075	0.100542			0.104176072
4.7125	0.100503			0.104134675
4.7175	0.100464			0.104093359
4.7225	0.100424			0.104052123
4.7275	0.100385			0.104010967
4.7325	0.100346			0.10396989
4.7375	0.100307			0.103928893
4.7425	0.100268			0.103887974
4.7475	0.100229			0.103847135
4.7525	0.10019			0.103806373
4.7575	0.100151			0.10376569
4.7625	0.100113			0.103725084
4.7675	0.100074			0.103684557
4.7725	0.100036			0.103644106
4.7775	0.0999973			0.103603732
4.7825	0.099959			0.103563436
4.7875	0.0999207			0.103523215
4.7925	0.0998825			0.103483071
4.7975	0.0998444			0.103443003
4.8025	0.0998064			0.10340301
4.8075	0.0997685			0.103363093
4.8125	0.0997306			0.103323251
4.8175	0.0996928			0.103283484
4.8225	0.0996551			0.103243792
4.8275	0.0996174			0.103204174
4.8325	0.0995799			0.10316463
4.8375	0.0995424			0.10312516
4.8425	0.0995049			0.103085764
4.8475	0.0994676			0.103046441
4.8525	0.0994303			0.103007191
4.8575	0.0993931			0.102968014
4.8625	0.099356			0.102928909
4.8675	0.099319			0.102889877
4.8725	0.099282			0.102850917
4.8775	0.0992451			0.102812029
4.8825	0.0992082			0.102773213
4.8875	0.0991715			0.102734468
4.8925	0.0991348			0.102695794
4.8975	0.0990982			0.102657191
4.9025	0.0990616			0.102618659
4.9075	0.0990252			0.102580197
4.9125	0.0989888			0.102541806
4.9175	0.0989524			0.102503484
4.9225	0.0989162			0.102465233
4.9275	0.09888			0.10242705
4.9325	0.0988439			0.102388937
4.9375	0.0988078			0.102350894
4.9425	0.0987719			0.102312919
4.9475	0.098736			0.102275012
4.9525	0.0987001			0.102237174
4.9575	0.0986643			0.102199404
4.9625	0.0986286			0.102161702
4.9675	0.098593			0.102124068
4.9725	0.0985574			0.102086502
4.9775	0.098522			0.102049002
4.9825	0.0984865			0.10201157
4.9875	0.0984512			0.101974204
4.9925	0.0984159			0.101936906
4.9975	0.0983807			0.101899673
5.0025	0.0983455			0.101862507
5.0075	0.0983104			0.101825407
5.0125	0.0982754			0.101788372
5.0175	0.0982404			0.101751404
5.0225	0.0982055			0.1017145
5.0275	0.0981707			0.101677662
5.0325	0.0981359			0.101640889
5.0375	0.0981013			0.10160418
5.0425	0.0980666			0.101567536
5.0475	0.0980321			0.101530956
5.0525	0.0979976			0.10149444
5.0575	0.0979631			0.101457989
5.0625	0.0979288			0.101421601
5.0675	0.0978944			0.101385276
5.0725	0.0978602			0.101349015
5.0775	0.097826			0.101312817
5.0825	0.0977919			0.101276682
5.0875	0.0977579			0.10124061
5.0925	0.0977239			0.1012046
5.0975	0.0976899			0.101168653
5.1025	0.0976561			0.101132768
5.1075	0.0976223			0.101096945
5.1125	0.0975885			0.101061183
5.1175	0.0975549			0.101025483
5.1225	0.0975213			0.100989845
5.1275	0.0974877			0.100954267
5.1325	0.0974542			0.100918751
5.1375	0.0974208			0.100883296
5.1425	0.0973874			0.100847901
5.1475	0.0973541			0.100812567
5.1525	0.0973209			0.100777293
5.1575	0.0972877			0.100742079
5.1625	0.0972546			0.100706925
5.1675	0.0972215			0.10067183
5.1725	0.0971885			0.100636795
5.1775	0.0971555			0.10060182
5.1825	0.0971227			0.100566904
5.1875	0.0970898			0.100532047
5.1925	0.0970571			0.100497248
5.1975	0.0970244			0.100462509
5.2025	0.0969917			0.100427827
5.2075	0.0969591			0.100393204
5.2125	0.0969266			0.10035864
5.2175	0.0968941			0.100324133
5.2225	0.0968617			0.100289684
5.2275	0.0968293			0.100255292
5.2325	0.096797			0.100220958
5.2375	0.0967648			0.100186682
5.2425	0.0967326			0.100152462
5.2475	0.0967005			0.1001183
5.2525	0.0966684			0.100084194
5.2575	0.0966364			0.100050144
5.2625	0.0966044			0.100016152
5.2675	0.0965725			0.099982215
5.2725	0.0965407			0.099948335
5.2775	0.0965089			0.09991451
5.2825	0.0964772			0.099880741
5.2875	0.0964455			0.099847028
5.2925	0.0964139			0.099813371
5.2975	0.0963823			0.099779768
5.3025	0.0963508			0.099746221
5.3075	0.0963193			0.099712729
5.3125	0.0962879			0.099679292
5.3175	0.0962566			0.099645909
5.3225	0.0962253			0.099612581
5.3275	0.0961941			0.099579307
5.3325	0.0961629			0.099546087
5.3375	0.0961318			0.099512921
5.3425	0.0961007			0.09947981
5.3475	0.0960697			0.099446752
5.3525	0.0960387			0.099413747
5.3575	0.0960078			0.099380796
5.3625	0.0959769			0.099347898
5.3675	0.0959461			0.099315054
5.3725	0.0959154			0.099282262
5.3775	0.0958847			0.099249523
5.3825	0.095854			0.099216837
5.3875	0.0958234			0.099184203
5.3925	0.0957929			0.099151622
5.3975	0.0957624			0.099119093
5.4025	0.095732			0.099086616
5.4075	0.0957016			0.09905419
5.4125	0.0956712			0.099021817
5.4175	0.095641			0.098989495
5.4225	0.0956107			0.098957225
5.4275	0.0955805			0.098925006
5.4325	0.0955504			0.098892839
5.4375	0.0955203			0.098860722
5.4425	0.0954903			0.098828657
5.4475	0.0954603			0.098796642
5.4525	0.0954304			0.098764678
5.4575	0.0954005			0.098732764
5.4625	0.0953707			0.098700901
5.4675	0.0953409			0.098669088
5.4725	0.0953112			0.098637325
5.4775	0.0952815			0.098605611
5.4825	0.0952519			0.098573948
5.4875	0.0952223			0.098542335
5.4925	0.0951928			0.098510771
5.4975	0.0951633			0.098479256
5.5025	0.0951339			0.098447791
5.5075	0.0951045			0.098416374
5.5125	0.0950752			0.098385007
5.5175	0.0950459			0.098353689
5.5225	0.0950167			0.098322419
5.5275	0.0949875			0.098291198
5.5325	0.0949584			0.098260026
5.5375	0.0949293			0.098228902
5.5425	0.0949002			0.098197826
5.5475	0.0948712			0.098166798
5.5525	0.0948423			0.098135818
5.5575	0.0948134			0.098104886
5.5625	0.0947846			0.098074001
5.5675	0.0947558			0.098043164
5.5725	0.094727			0.098012375
5.5775	0.0946983			0.097981633
5.5825	0.0946696			0.097950938
5.5875	0.094641			0.09792029
5.5925	0.0946125			0.097889689
5.5975	0.0945839			0.097859135
5.6025	0.0945555			0.097828628
5.6075	0.094527			0.097798167
5.6125	0.0944987			0.097767753
5.6175	0.0944703			0.097737385
5.6225	0.094442			0.097707063
5.6275	0.0944138			0.097676787
5.6325	0.0943856			0.097646557
5.6375	0.0943574			0.097616373
5.6425	0.0943293			0.097586235
5.6475	0.0943013			0.097556142
5.6525	0.0942733			0.097526095
5.6575	0.0942453			0.097496093
5.6625	0.0942174			0.097466136
5.6675	0.0941895			0.097436225
5.6725	0.0941616			0.097406358
5.6775	0.0941339			0.097376537
5.6825	0.0941061			0.09734676
5.6875	0.0940784			0.097317027
5.6925	0.0940507			0.09728734
5.6975	0.0940231			0.097257696
5.7025	0.0939956			0.097228097
5.7075	0.093968			0.097198543
5.7125	0.0939405			0.097169032
5.7175	0.0939131			0.097139565
5.7225	0.0938857			0.097110142
5.7275	0.0938584			0.097080763
5.7325	0.093831			0.097051428
5.7375	0.0938038			0.097022136
5.7425	0.0937766			0.096992887
5.7475	0.0937494			0.096963682
5.7525	0.0937222			0.09693452
5.7575	0.0936951			0.096905401
5.7625	0.0936681			0.096876325
5.7675	0.0936411			0.096847291
5.7725	0.0936141			0.096818301
5.7775	0.0935872			0.096789353
5.7825	0.0935603			0.096760448
5.7875	0.0935335			0.096731585
5.7925	0.0935067			0.096702764
5.7975	0.0934799			0.096673986
5.8025	0.0934532			0.09664525
5.8075	0.0934265			0.096616556
5.8125	0.0933999			0.096587903
5.8175	0.0933733			0.096559293
5.8225	0.0933467			0.096530724
5.8275	0.0933202			0.096502196
5.8325	0.0932938			0.09647371
5.8375	0.0932673			0.096445266
5.8425	0.0932409			0.096416863
5.8475	0.0932146			0.096388501
5.8525	0.0931883			0.09636018
5.8575	0.093162			0.0963319
5.8625	0.0931358			0.09630366
5.8675	0.0931096			0.096275462
5.8725	0.0930835			0.096247304
5.8775	0.0930574			0.096219187
5.8825	0.0930313			0.09619111
5.8875	0.0930053			0.096163074
5.8925	0.0929793			0.096135078
5.8975	0.0929534			0.096107122
5.9025	0.0929274			0.096079206
5.9075	0.0929016			0.09605133
5.9125	0.0928758			0.096023494
5.9175	0.09285			0.095995698
5.9225	0.0928242			0.095967941
5.9275	0.0927985			0.095940224
5.9325	0.0927728			0.095912546
5.9375	0.0927472			0.095884908
5.9425	0.0927216			0.095857309
5.9475	0.0926961			0.095829749
5.9525	0.0926706			0.095802228
5.9575	0.0926451			0.095774747
5.9625	0.0926196			0.095747304
5.9675	0.0925942			0.0957199
5.9725	0.0925689			0.095692535
5.9775	0.0925435			0.095665208
5.9825	0.0925183			0.09563792
5.9875	0.092493			0.09561067
5.9925	0.0924678			0.095583459
5.9975	0.0924426			0.095556286
