   8.1497814e+00
   8.1497814e+00
   8.1497814e+00
   8.1497814e+00
   8.1497814e+00
   8.1497814e+00
   8.1497814e+00
   8.1497814e+00
   8.1497814e+00
   8.1497814e+00
   8.1497814e+00
   8.1497814e+00
   8.1497814e+00
   8.1497814e+00
   8.1497814e+00
   8.1497814e+00
   8.1497814e+00
   8.1497814e+00
   8.1497814e+00
   8.1497814e+00
   8.1497814e+00
   8.1497814e+00
   8.1497814e+00
   8.1497814e+00
   8.1497814e+00
   8.1497814e+00
   8.1497814e+00
   8.1497814e+00
   8.1497814e+00
   8.1497814e+00
   8.1497814e+00
   8.1497814e+00
   8.1497814e+00
   8.1497814e+00
   8.1497814e+00
   8.1497814e+00
   8.1497814e+00
   8.1497814e+00
   8.1497814e+00
   8.1497814e+00
   8.1497814e+00
   8.1497814e+00
   8.1497814e+00
   8.1497814e+00
   8.1497814e+00
   8.1497814e+00
   8.1497814e+00
   8.1497814e+00
   8.1497814e+00
   8.1497814e+00
   8.1497814e+00
   8.1497814e+00
   8.1497814e+00
   8.1497814e+00
   8.1497814e+00
   8.1497814e+00
   8.1497814e+00
   8.1497814e+00
   8.1497814e+00
   8.1497814e+00
   8.1497814e+00
   8.1497814e+00
   8.1497814e+00
   8.1497814e+00
   8.1497814e+00
   8.1497814e+00
   8.1497814e+00
   8.1497814e+00
   8.1497814e+00
   8.1497814e+00
