   0.0000000e+00   8.0002234e+00   8.0115775e+00   8.0043184e+00   1.3867544e+01   1.6011787e+01   1.3875268e+01   2.1171649e+01   1.6000447e+01   8.0168042e+00   1.3875946e+01   8.0002234e+00   8.0002234e+00   1.6021110e+01   1.3854963e+01   1.3875946e+01   1.6033608e+01   1.3847207e+01   1.6000447e+01   1.6000447e+01
   0.0000000e+00   0.0000000e+00   8.0043184e+00   1.3854963e+01   8.0115775e+00   1.3875268e+01   1.6021110e+01   1.6011787e+01   8.0002234e+00   8.0002234e+00   8.0168042e+00   1.6000447e+01   1.3847207e+01   2.1185750e+01   2.1162657e+01   1.6000447e+01   1.3875946e+01   2.1154051e+01   2.4000670e+01   2.1154051e+01
   0.0000000e+00   0.0000000e+00   0.0000000e+00   8.0002234e+00   8.0002234e+00   8.0002234e+00   8.0168042e+00   1.3847207e+01   1.3854963e+01   1.3875268e+01   1.6021110e+01   1.3867544e+01   1.6011787e+01   1.3875946e+01   1.6000447e+01   2.1189247e+01   2.1199034e+01   2.1171649e+01   2.1176386e+01   2.4012006e+01
   0.0000000e+00   0.0000000e+00   0.0000000e+00   0.0000000e+00   1.6000447e+01   1.3847207e+01   8.0002234e+00   2.1154051e+01   2.1162657e+01   1.6021110e+01   2.1185750e+01   8.0115775e+00   1.3875268e+01   8.0168042e+00   8.0002234e+00   2.1199034e+01   2.4037910e+01   1.6011787e+01   1.3867544e+01   2.1189247e+01
   0.0000000e+00   0.0000000e+00   0.0000000e+00   0.0000000e+00   0.0000000e+00   8.0168042e+00   1.3875946e+01   8.0002234e+00   8.0043184e+00   1.6011787e+01   1.3875268e+01   2.1176386e+01   2.1171649e+01   2.1185414e+01   2.4000670e+01   2.4012006e+01   2.1189247e+01   2.7714749e+01   2.8854411e+01   2.8847458e+01
   0.0000000e+00   0.0000000e+00   0.0000000e+00   0.0000000e+00   0.0000000e+00   0.0000000e+00   8.0002234e+00   8.0002234e+00   1.6021110e+01   2.1189247e+01   2.1199034e+01   2.1171649e+01   2.4012006e+01   1.6000447e+01   2.1154051e+01   2.8869576e+01   2.7751204e+01   2.8847458e+01   2.7714749e+01   3.2012227e+01
   0.0000000e+00   0.0000000e+00   0.0000000e+00   0.0000000e+00   0.0000000e+00   0.0000000e+00   0.0000000e+00   1.6000447e+01   2.1185750e+01   2.1199034e+01   2.4037910e+01   1.6011787e+01   2.1189247e+01   8.0002234e+00   1.3847207e+01   2.7751204e+01   2.8893137e+01   2.4012006e+01   2.1171649e+01   2.8869576e+01
   0.0000000e+00   0.0000000e+00   0.0000000e+00   0.0000000e+00   0.0000000e+00   0.0000000e+00   0.0000000e+00   0.0000000e+00   1.3875268e+01   2.4012006e+01   2.1189247e+01   2.7714749e+01   2.8847458e+01   2.4000670e+01   2.8831402e+01   3.2012227e+01   2.8869576e+01   3.4868071e+01   3.4870948e+01   3.6662243e+01
   0.0000000e+00   0.0000000e+00   0.0000000e+00   0.0000000e+00   0.0000000e+00   0.0000000e+00   0.0000000e+00   0.0000000e+00   0.0000000e+00   1.3847207e+01   8.0002234e+00   2.4000670e+01   2.1154051e+01   2.7730907e+01   2.8840306e+01   2.1154051e+01   1.6000447e+01   2.8831402e+01   3.2000894e+01   2.7694414e+01
   0.0000000e+00   0.0000000e+00   0.0000000e+00   0.0000000e+00   0.0000000e+00   0.0000000e+00   0.0000000e+00   0.0000000e+00   0.0000000e+00   0.0000000e+00   8.0002234e+00   1.3875946e+01   8.0002234e+00   2.4037910e+01   2.1185750e+01   8.0002234e+00   8.0168042e+00   1.6000447e+01   2.1185414e+01   1.3847207e+01
   0.0000000e+00   0.0000000e+00   0.0000000e+00   0.0000000e+00   0.0000000e+00   0.0000000e+00   0.0000000e+00   0.0000000e+00   0.0000000e+00   0.0000000e+00   0.0000000e+00   2.1185414e+01   1.6000447e+01   2.8883391e+01   2.7730907e+01   1.3847207e+01   8.0002234e+00   2.4000670e+01   2.8863624e+01   2.1154051e+01
   0.0000000e+00   0.0000000e+00   0.0000000e+00   0.0000000e+00   0.0000000e+00   0.0000000e+00   0.0000000e+00   0.0000000e+00   0.0000000e+00   0.0000000e+00   0.0000000e+00   0.0000000e+00   8.0168042e+00   1.3875268e+01   8.0043184e+00   1.6033608e+01   2.1204209e+01   8.0002234e+00   8.0002234e+00   1.3875946e+01
   0.0000000e+00   0.0000000e+00   0.0000000e+00   0.0000000e+00   0.0000000e+00   0.0000000e+00   0.0000000e+00   0.0000000e+00   0.0000000e+00   0.0000000e+00   0.0000000e+00   0.0000000e+00   0.0000000e+00   2.1199034e+01   1.6021110e+01   8.0168042e+00   1.3875946e+01   8.0002234e+00   1.3875946e+01   8.0002234e+00
   0.0000000e+00   0.0000000e+00   0.0000000e+00   0.0000000e+00   0.0000000e+00   0.0000000e+00   0.0000000e+00   0.0000000e+00   0.0000000e+00   0.0000000e+00   0.0000000e+00   0.0000000e+00   0.0000000e+00   0.0000000e+00   8.0002234e+00   2.8893137e+01   3.2054712e+01   2.1189247e+01   1.6011787e+01   2.7751204e+01
   0.0000000e+00   0.0000000e+00   0.0000000e+00   0.0000000e+00   0.0000000e+00   0.0000000e+00   0.0000000e+00   0.0000000e+00   0.0000000e+00   0.0000000e+00   0.0000000e+00   0.0000000e+00   0.0000000e+00   0.0000000e+00   0.0000000e+00   2.4037910e+01   2.8883391e+01   1.3875268e+01   8.0115775e+00   2.1199034e+01
   0.0000000e+00   0.0000000e+00   0.0000000e+00   0.0000000e+00   0.0000000e+00   0.0000000e+00   0.0000000e+00   0.0000000e+00   0.0000000e+00   0.0000000e+00   0.0000000e+00   0.0000000e+00   0.0000000e+00   0.0000000e+00   0.0000000e+00   0.0000000e+00   8.0002234e+00   1.3875946e+01   2.1204209e+01   8.0002234e+00
   0.0000000e+00   0.0000000e+00   0.0000000e+00   0.0000000e+00   0.0000000e+00   0.0000000e+00   0.0000000e+00   0.0000000e+00   0.0000000e+00   0.0000000e+00   0.0000000e+00   0.0000000e+00   0.0000000e+00   0.0000000e+00   0.0000000e+00   0.0000000e+00   0.0000000e+00   2.1185414e+01   2.7751892e+01   1.6000447e+01
   0.0000000e+00   0.0000000e+00   0.0000000e+00   0.0000000e+00   0.0000000e+00   0.0000000e+00   0.0000000e+00   0.0000000e+00   0.0000000e+00   0.0000000e+00   0.0000000e+00   0.0000000e+00   0.0000000e+00   0.0000000e+00   0.0000000e+00   0.0000000e+00   0.0000000e+00   0.0000000e+00   8.0168042e+00   8.0168042e+00
   0.0000000e+00   0.0000000e+00   0.0000000e+00   0.0000000e+00   0.0000000e+00   0.0000000e+00   0.0000000e+00   0.0000000e+00   0.0000000e+00   0.0000000e+00   0.0000000e+00   0.0000000e+00   0.0000000e+00   0.0000000e+00   0.0000000e+00   0.0000000e+00   0.0000000e+00   0.0000000e+00   0.0000000e+00   1.6033608e+01
   0.0000000e+00   0.0000000e+00   0.0000000e+00   0.0000000e+00   0.0000000e+00   0.0000000e+00   0.0000000e+00   0.0000000e+00   0.0000000e+00   0.0000000e+00   0.0000000e+00   0.0000000e+00   0.0000000e+00   0.0000000e+00   0.0000000e+00   0.0000000e+00   0.0000000e+00   0.0000000e+00   0.0000000e+00   0.0000000e+00
