   2.6250288e+02
   4.3662000e+02
   4.3662000e+02
   4.3662000e+02
   4.3662000e+02
   4.3662000e+02
   4.3662000e+02
   4.3662000e+02
   4.3662000e+02
   4.3662000e+02
   4.3662000e+02
   4.3662000e+02
   4.3662000e+02
   4.3662000e+02
   4.3662000e+02
   4.3662000e+02
   4.3662000e+02
   4.3662000e+02
   4.3662000e+02
   4.3662000e+02
   4.3662000e+02
   4.3662000e+02
   4.3662000e+02
   4.3662000e+02
   4.3662000e+02
   4.3662000e+02
   4.3662000e+02
   4.3662000e+02
   4.3662000e+02
   4.3662000e+02
   4.3662000e+02
   4.3662000e+02
   4.3662000e+02
   4.3662000e+02
   4.3662000e+02
   4.3662000e+02
   4.3662000e+02
   4.3662000e+02
   4.3662000e+02
   4.3662000e+02
   4.3662000e+02
   4.3662000e+02
   4.3662000e+02
   4.3662000e+02
   4.3662000e+02
   4.3662000e+02
   4.3662000e+02
   4.3662000e+02
   4.3662000e+02
   4.3662000e+02
   4.3662000e+02
   4.3662000e+02
   4.3662000e+02
   4.3662000e+02
   4.3662000e+02
   4.3662000e+02
   4.3662000e+02
   4.3662000e+02
   4.3662000e+02
   4.3662000e+02
   4.3662000e+02
   4.3662000e+02
   4.3662000e+02
   4.3662000e+02
   4.3662000e+02
   4.3662000e+02
   4.3662000e+02
   4.3662000e+02
   4.3662000e+02
   4.3662000e+02
   1.7411712e+02
