   2.3304096e+02
   4.3662000e+02
   4.3662000e+02
   4.3662000e+02
   4.3662000e+02
   4.3662000e+02
   4.3662000e+02
   4.3662000e+02
   4.3662000e+02
   4.3662000e+02
   4.3662000e+02
   4.3662000e+02
   4.3662000e+02
   4.3662000e+02
   4.3662000e+02
   4.3662000e+02
   4.3662000e+02
   4.3662000e+02
   4.3662000e+02
   4.3662000e+02
   4.3662000e+02
   4.3662000e+02
   4.3662000e+02
   4.3662000e+02
   4.3662000e+02
   4.3662000e+02
   4.3662000e+02
   4.3662000e+02
   4.3662000e+02
   4.3662000e+02
   4.3662000e+02
   4.3662000e+02
   4.3662000e+02
   4.3662000e+02
   4.3662000e+02
   4.3662000e+02
   4.3662000e+02
   4.3662000e+02
   4.3662000e+02
   4.3662000e+02
   4.3662000e+02
   4.3662000e+02
   4.3662000e+02
   4.3662000e+02
   4.3662000e+02
   4.3662000e+02
   4.3662000e+02
   4.3662000e+02
   4.3662000e+02
   4.3662000e+02
   4.3662000e+02
   4.3662000e+02
   4.3662000e+02
   4.3662000e+02
   4.3662000e+02
   4.3662000e+02
   4.3662000e+02
   4.3662000e+02
   4.3662000e+02
   4.3662000e+02
   4.3662000e+02
   4.3662000e+02
   4.3662000e+02
   4.3662000e+02
   4.3662000e+02
   4.3662000e+02
   4.3662000e+02
   4.3662000e+02
   4.3662000e+02
   2.3304096e+02
