   4.3662000e+02
   8.7324000e+02
   8.7324000e+02
   8.7324000e+02
   8.7324000e+02
   8.7324000e+02
   8.7324000e+02
   8.7324000e+02
   8.7324000e+02
   8.7324000e+02
   8.7324000e+02
   8.7324000e+02
   8.7324000e+02
   8.7324000e+02
   8.7324000e+02
   8.7324000e+02
   8.7324000e+02
   8.7324000e+02
   8.7324000e+02
   8.7324000e+02
   8.7324000e+02
   8.7324000e+02
   8.7324000e+02
   8.7324000e+02
   8.7324000e+02
   8.7324000e+02
   8.7324000e+02
   8.7324000e+02
   8.7324000e+02
   8.7324000e+02
   8.7324000e+02
   8.7324000e+02
   8.7324000e+02
   8.7324000e+02
   8.7324000e+02
   4.3662000e+02
