   4.9849416e+02
   6.5282000e+02
   6.5282000e+02
   6.5282000e+02
   6.5282000e+02
   6.5282000e+02
   6.5282000e+02
   6.5282000e+02
   6.5282000e+02
   6.5282000e+02
   6.5282000e+02
   6.5282000e+02
   6.5282000e+02
   6.5282000e+02
   6.5282000e+02
   6.5282000e+02
   6.5282000e+02
   6.5282000e+02
   6.5282000e+02
   6.5282000e+02
   6.5282000e+02
   6.5282000e+02
   6.5282000e+02
   6.5282000e+02
   6.5282000e+02
   6.5282000e+02
   6.5282000e+02
   6.5282000e+02
   6.5282000e+02
   6.5282000e+02
   6.5282000e+02
   6.5282000e+02
   6.5282000e+02
   6.5282000e+02
   6.5282000e+02
   6.5282000e+02
   6.5282000e+02
   6.5282000e+02
   6.5282000e+02
   6.5282000e+02
   6.5282000e+02
   6.5282000e+02
   6.5282000e+02
   6.5282000e+02
   6.5282000e+02
   6.5282000e+02
   6.5282000e+02
   6.5282000e+02
   6.5282000e+02
   6.5282000e+02
   6.5282000e+02
   6.5282000e+02
   6.5282000e+02
   6.5282000e+02
   6.5282000e+02
   6.5282000e+02
   6.5282000e+02
   6.5282000e+02
   6.5282000e+02
   6.5282000e+02
   6.5282000e+02
   6.5282000e+02
   6.5282000e+02
   6.5282000e+02
   6.5282000e+02
   6.5282000e+02
   6.5282000e+02
   6.5282000e+02
   6.5282000e+02
   4.9849416e+02
