   6.2822512e+02
   6.5282000e+02
   6.5282000e+02
   6.5282000e+02
   6.5282000e+02
   6.5282000e+02
   6.5282000e+02
   6.5282000e+02
   6.5282000e+02
   6.5282000e+02
   6.5282000e+02
   6.5282000e+02
   6.5282000e+02
   6.5282000e+02
   6.5282000e+02
   6.5282000e+02
   6.5282000e+02
   6.5282000e+02
   6.5282000e+02
   6.5282000e+02
   6.5282000e+02
   6.5282000e+02
   6.5282000e+02
   6.5282000e+02
   6.5282000e+02
   6.5282000e+02
   6.5282000e+02
   6.5282000e+02
   6.5282000e+02
   6.5282000e+02
   6.5282000e+02
   6.5282000e+02
   6.5282000e+02
   6.5282000e+02
   6.5282000e+02
   6.5282000e+02
   6.5282000e+02
   6.5282000e+02
   6.5282000e+02
   6.5282000e+02
   6.5282000e+02
   6.5282000e+02
   6.5282000e+02
   6.5282000e+02
   6.5282000e+02
   6.5282000e+02
   6.5282000e+02
   6.5282000e+02
   6.5282000e+02
   6.5282000e+02
   6.5282000e+02
   6.5282000e+02
   6.5282000e+02
   6.5282000e+02
   6.5282000e+02
   6.5282000e+02
   6.5282000e+02
   6.5282000e+02
   6.5282000e+02
   6.5282000e+02
   6.5282000e+02
   6.5282000e+02
   6.5282000e+02
   6.5282000e+02
   6.5282000e+02
   6.5282000e+02
   6.5282000e+02
   6.5282000e+02
   6.5282000e+02
   6.5282000e+02
   2.4594880e+01
